# Spring transition day: 158 (95% confidence interval: 85 - 160 )
#
# column 1:  yearday 1985 (UTC)
# column 2:  northward windstress (Newtons/m2)
# column 3:  cumulative-from-spring-transition northward windstress
#                [ending at fall transition]      (Newtons/m2*days)
  1 -0.013   NaN 
  2  0.003   NaN 
  3  0.021   NaN 
  4  0.020   NaN 
  5  0.011   NaN 
  6  0.009   NaN 
  7  0.012   NaN 
  8  0.021   NaN 
  9  0.022   NaN 
 10 -0.004   NaN 
 11  0.000   NaN 
 12  0.000   NaN 
 13 -0.003   NaN 
 14  0.029   NaN 
 15  0.067   NaN 
 16  0.005   NaN 
 17  0.007   NaN 
 18  0.016   NaN 
 19  0.017   NaN 
 20 -0.032   NaN 
 21 -0.018   NaN 
 22  0.007   NaN 
 23  0.014   NaN 
 24  0.004   NaN 
 25 -0.029   NaN 
 26 -0.006   NaN 
 27 -0.005   NaN 
 28 -0.015   NaN 
 29 -0.015   NaN 
 30 -0.013   NaN 
 31 -0.028   NaN 
 32 -0.044   NaN 
 33 -0.032   NaN 
 34 -0.007   NaN 
 35 -0.001   NaN 
 36  0.001   NaN 
 37  0.017   NaN 
 38  0.019   NaN 
 39  0.017   NaN 
 40  0.012   NaN 
 41  0.077   NaN 
 42  0.260   NaN 
 43  0.001   NaN 
 44  0.008   NaN 
 45  0.078   NaN 
 46  0.002   NaN 
 47 -0.005   NaN 
 48 -0.021   NaN 
 49 -0.018   NaN 
 50  0.013   NaN 
 51 -0.019   NaN 
 52  0.002   NaN 
 53 -0.001   NaN 
 54  0.003   NaN 
 55 -0.004   NaN 
 56 -0.011   NaN 
 57 -0.006   NaN 
 58 -0.038   NaN 
 59 -0.026   NaN 
 60 -0.132   NaN 
 61 -0.104   NaN 
 62 -0.008   NaN 
 63  0.048   NaN 
 64  0.042   NaN 
 65  0.020   NaN 
 66  0.004   NaN 
 67  0.003   NaN 
 68 -0.003   NaN 
 69 -0.019   NaN 
 70 -0.042   NaN 
 71 -0.059   NaN 
 72 -0.033   NaN 
 73 -0.072   NaN 
 74 -0.037   NaN 
 75 -0.002   NaN 
 76  0.002   NaN 
 77 -0.024   NaN 
 78 -0.012   NaN 
 79  0.037   NaN 
 80  0.022   NaN 
 81  0.101   NaN 
 82  0.230   NaN 
 83  0.044   NaN 
 84  0.012   NaN 
 85  0.086   NaN 
 86  0.092   NaN 
 87  0.022   NaN 
 88 -0.023   NaN 
 89  0.201   NaN 
 90  0.109   NaN 
 91  0.011   NaN 
 92 -0.030   NaN 
 93 -0.073   NaN 
 94 -0.034   NaN 
 95 -0.047   NaN 
 96 -0.038   NaN 
 97  0.039   NaN 
 98  0.003   NaN 
 99 -0.021   NaN 
100  0.018   NaN 
101  0.154   NaN 
102  0.032   NaN 
103 -0.026   NaN 
104 -0.069   NaN 
105 -0.072   NaN 
106  0.014   NaN 
107 -0.018   NaN 
108  0.038   NaN 
109 -0.015   NaN 
110  0.007   NaN 
111  0.007   NaN 
112  0.060   NaN 
113  0.157   NaN 
114 -0.014   NaN 
115 -0.015   NaN 
116  0.018   NaN 
117  0.055   NaN 
118 -0.001   NaN 
119 -0.008   NaN 
120 -0.036   NaN 
121 -0.022   NaN 
122  0.048   NaN 
123  0.068   NaN 
124  0.002   NaN 
125 -0.007   NaN 
126  0.001   NaN 
127 -0.002   NaN 
128  0.011   NaN 
129  0.014   NaN 
130 -0.009   NaN 
131 -0.037   NaN 
132 -0.021   NaN 
133 -0.009   NaN 
134 -0.068   NaN 
135 -0.063   NaN 
136  0.000   NaN 
137  0.023   NaN 
138 -0.001   NaN 
139 -0.001   NaN 
140 -0.003   NaN 
141 -0.017   NaN 
142 -0.003   NaN 
143  0.002   NaN 
144  0.009   NaN 
145 -0.039   NaN 
146 -0.050   NaN 
147 -0.005   NaN 
148  0.010   NaN 
149  0.031   NaN 
150  0.005   NaN 
151 -0.001   NaN 
152  0.010   NaN 
153  0.002   NaN 
154  0.004   NaN 
155  0.024   NaN 
156 -0.005   NaN 
157  0.089   NaN 
158  0.154  0.000
159 -0.066 -0.066
160 -0.087 -0.153
161 -0.035 -0.188
162 -0.030 -0.218
163 -0.027 -0.245
164 -0.018 -0.263
165  0.011 -0.252
166 -0.060 -0.312
167 -0.127 -0.439
168 -0.055 -0.494
169  0.003 -0.491
170 -0.057 -0.548
171 -0.092 -0.640
172 -0.115 -0.755
173 -0.160 -0.915
174 -0.106 -1.021
175 -0.054 -1.075
176 -0.052 -1.127
177 -0.084 -1.211
178 -0.027 -1.238
179 -0.025 -1.263
180  0.008 -1.255
181  0.012 -1.243
182 -0.022 -1.265
183 -0.006 -1.271
184  0.000 -1.271
185  0.006 -1.265
186  0.012 -1.253
187 -0.014 -1.267
188 -0.009 -1.276
189 -0.009 -1.285
190 -0.012 -1.297
191  0.004 -1.293
192 -0.029 -1.322
193 -0.077 -1.399
194 -0.129 -1.528
195 -0.138 -1.666
196 -0.019 -1.685
197 -0.043 -1.728
198 -0.067 -1.795
199 -0.067 -1.862
200 -0.049 -1.911
201 -0.004 -1.915
202 -0.019 -1.934
203 -0.027 -1.961
204 -0.039 -2.000
205 -0.089 -2.089
206 -0.099 -2.188
207 -0.087 -2.275
208 -0.071 -2.346
209 -0.047 -2.393
210  0.006 -2.387
211  0.027 -2.360
212  0.025 -2.335
213  0.011 -2.324
214 -0.002 -2.326
215 -0.022 -2.348
216 -0.034 -2.382
217 -0.017 -2.399
218 -0.006 -2.405
219  0.031 -2.374
220  0.040 -2.334
221 -0.022 -2.356
222 -0.041 -2.397
223 -0.025 -2.422
224 -0.013 -2.435
225  0.000 -2.435
226  0.015 -2.420
227  0.001 -2.419
228 -0.002 -2.421
229  0.003 -2.418
230  0.013 -2.405
231  0.003 -2.402
232 -0.017 -2.419
233 -0.040 -2.459
234 -0.044 -2.503
235 -0.035 -2.538
236 -0.003 -2.541
237 -0.029 -2.570
238 -0.028 -2.598
239 -0.003 -2.601
240 -0.005 -2.606
241  0.000 -2.606
242  0.044 -2.562
243  0.002 -2.560
244 -0.003 -2.563
245  0.002 -2.561
246 -0.013 -2.574
247 -0.021 -2.595
248  0.019 -2.576
249  0.033 -2.543
250  0.018 -2.525
251  0.001 -2.524
252 -0.006 -2.530
253  0.013 -2.517
254  0.014 -2.503
255  0.120 -2.383
256  0.035 -2.348
257  0.046 -2.302
258  0.010 -2.292
259  0.004 -2.288
260  0.024 -2.264
261 -0.021 -2.285
262 -0.030 -2.315
263 -0.018 -2.333
264 -0.034 -2.367
265 -0.019 -2.386
266 -0.029 -2.415
267 -0.040 -2.455
268 -0.018 -2.473
269  0.001 -2.472
270  0.002 -2.470
271 -0.004 -2.474
272 -0.009 -2.483
273 -0.009 -2.492
274 -0.009 -2.501
275  0.001 -2.500
276 -0.019 -2.519
277 -0.028 -2.547
278 -0.012 -2.559
279 -0.009 -2.568
280  0.000 -2.568
281 -0.009 -2.577
282 -0.019 -2.596
283 -0.012 -2.608
284  0.017   NaN 
285  0.003   NaN 
286 -0.004   NaN 
287 -0.004   NaN 
288 -0.004   NaN 
289 -0.001   NaN 
290  0.003   NaN 
291 -0.009   NaN 
292  0.065   NaN 
293  0.070   NaN 
294  0.060   NaN 
295  0.240   NaN 
296  0.035   NaN 
297  0.088   NaN 
298  0.068   NaN 
299  0.054   NaN 
300  0.127   NaN 
301  0.012   NaN 
302 -0.002   NaN 
303  0.022   NaN 
304  0.011   NaN 
305  0.101   NaN 
306  0.129   NaN 
307  0.028   NaN 
308 -0.009   NaN 
309  0.020   NaN 
310  0.051   NaN 
311  0.029   NaN 
312  0.006   NaN 
313 -0.006   NaN 
314  0.002   NaN 
315 -0.001   NaN 
316 -0.003   NaN 
317  0.003   NaN 
318  0.001   NaN 
319  0.041   NaN 
320  0.024   NaN 
321 -0.012   NaN 
322 -0.007   NaN 
323  0.005   NaN 
324 -0.012   NaN 
325 -0.002   NaN 
326 -0.024   NaN 
327 -0.002   NaN 
328 -0.005   NaN 
329  0.000   NaN 
330  0.000   NaN 
331  0.007   NaN 
332  0.004   NaN 
333 -0.004   NaN 
334  0.000   NaN 
335 -0.005   NaN 
336  0.083   NaN 
337  0.118   NaN 
338 -0.003   NaN 
339  0.032   NaN 
340  0.027   NaN 
341  0.072   NaN 
342  0.022   NaN 
343 -0.007   NaN 
344 -0.001   NaN 
345 -0.003   NaN 
346  0.000   NaN 
347 -0.001   NaN 
348 -0.001   NaN 
349 -0.003   NaN 
350 -0.002   NaN 
351 -0.005   NaN 
352 -0.004   NaN 
353 -0.001   NaN 
354 -0.002   NaN 
355 -0.001   NaN 
356 -0.006   NaN 
357 -0.007   NaN 
358 -0.006   NaN 
359 -0.003   NaN 
360 -0.001   NaN 
361 -0.001   NaN 
362 -0.001   NaN 
363  0.001   NaN 
364 -0.004   NaN 
365  0.004   NaN 
