# Spring transition day: 85 (95% confidence interval: 83 - 128 )
#
# column 1:  yearday 1986 (UTC)
# column 2:  northward windstress (Newtons/m2)
# column 3:  cumulative-from-spring-transition northward windstress
#                [ending at fall transition]      (Newtons/m2*days)
  1  0.076   NaN 
  2  0.050   NaN 
  3  0.062   NaN 
  4 -0.011   NaN 
  5  0.095   NaN 
  6  0.059   NaN 
  7  0.013   NaN 
  8  0.140   NaN 
  9  0.030   NaN 
 10  0.085   NaN 
 11  0.059   NaN 
 12 -0.003   NaN 
 13  0.036   NaN 
 14  0.031   NaN 
 15  0.025   NaN 
 16  0.177   NaN 
 17  0.103   NaN 
 18  0.377   NaN 
 19  0.257   NaN 
 20  0.011   NaN 
 21  0.007   NaN 
 22  0.021   NaN 
 23  0.060   NaN 
 24  0.002   NaN 
 25  0.001   NaN 
 26 -0.007   NaN 
 27  0.036   NaN 
 28  0.002   NaN 
 29  0.002   NaN 
 30  0.037   NaN 
 31  0.008   NaN 
 32  0.087   NaN 
 33  0.019   NaN 
 34  0.057   NaN 
 35  0.024   NaN 
 36  0.009   NaN 
 37  0.000   NaN 
 38 -0.002   NaN 
 39 -0.008   NaN 
 40 -0.008   NaN 
 41 -0.005   NaN 
 42  0.003   NaN 
 43 -0.004   NaN 
 44  0.036   NaN 
 45  0.010   NaN 
 46  0.089   NaN 
 47  0.087   NaN 
 48 -0.017   NaN 
 49 -0.002   NaN 
 50 -0.002   NaN 
 51  0.024   NaN 
 52  0.029   NaN 
 53  0.082   NaN 
 54  0.178   NaN 
 55  0.126   NaN 
 56  0.095   NaN 
 57  0.018   NaN 
 58 -0.001   NaN 
 59 -0.003   NaN 
 60 -0.011   NaN 
 61  0.004   NaN 
 62  0.009   NaN 
 63 -0.014   NaN 
 64 -0.004   NaN 
 65  0.045   NaN 
 66  0.132   NaN 
 67  0.050   NaN 
 68  0.020   NaN 
 69  0.014   NaN 
 70  0.052   NaN 
 71  0.060   NaN 
 72  0.035   NaN 
 73  0.003   NaN 
 74  0.001   NaN 
 75 -0.017   NaN 
 76 -0.043   NaN 
 77  0.009   NaN 
 78 -0.003   NaN 
 79  0.024   NaN 
 80  0.098   NaN 
 81 -0.007   NaN 
 82  0.020   NaN 
 83  0.067   NaN 
 84  0.018   NaN 
 85  0.029  0.000
 86  0.000  0.000
 87 -0.009 -0.009
 88 -0.031 -0.040
 89 -0.053 -0.093
 90 -0.054 -0.147
 91 -0.047 -0.194
 92 -0.019 -0.213
 93 -0.009 -0.222
 94 -0.002 -0.224
 95 -0.062 -0.286
 96 -0.090 -0.376
 97  0.008 -0.368
 98  0.024 -0.344
 99 -0.090 -0.434
100 -0.104 -0.538
101 -0.029 -0.567
102  0.015 -0.552
103 -0.014 -0.566
104  0.010 -0.556
105  0.076 -0.480
106  0.096 -0.384
107 -0.008 -0.392
108 -0.009 -0.401
109 -0.019 -0.420
110 -0.022 -0.442
111 -0.046 -0.488
112 -0.108 -0.596
113 -0.040 -0.636
114  0.000 -0.636
115  0.033 -0.603
116  0.025 -0.578
117  0.097 -0.481
118  0.011 -0.470
119  0.009 -0.461
120  0.010 -0.451
121  0.039 -0.412
122  0.020 -0.392
123  0.011 -0.381
124  0.014 -0.367
125  0.069 -0.298
126  0.014 -0.284
127 -0.014 -0.298
128 -0.018 -0.316
129 -0.035 -0.351
130 -0.034 -0.385
131  0.015 -0.370
132  0.027 -0.343
133  0.015 -0.328
134 -0.024 -0.352
135 -0.049 -0.401
136 -0.034 -0.435
137 -0.018 -0.453
138 -0.005 -0.458
139  0.010 -0.448
140  0.013 -0.435
141  0.001 -0.434
142 -0.022 -0.456
143 -0.014 -0.470
144  0.029 -0.441
145  0.028 -0.413
146  0.009 -0.404
147 -0.037 -0.441
148 -0.036 -0.477
149 -0.055 -0.532
150 -0.079 -0.611
151  0.018 -0.593
152 -0.040 -0.633
153 -0.067 -0.700
154  0.032 -0.668
155  0.025 -0.643
156  0.024 -0.619
157  0.009 -0.610
158 -0.008 -0.618
159 -0.030 -0.648
160 -0.054 -0.702
161 -0.076 -0.778
162 -0.084 -0.862
163 -0.065 -0.927
164  0.010 -0.917
165  0.076 -0.841
166  0.044 -0.797
167  0.045 -0.752
168  0.026 -0.726
169  0.038 -0.688
170  0.005 -0.683
171 -0.003 -0.686
172 -0.022 -0.708
173 -0.052 -0.760
174 -0.106 -0.866
175 -0.112 -0.978
176 -0.081 -1.059
177 -0.048 -1.107
178 -0.008 -1.115
179  0.012 -1.103
180  0.008 -1.095
181 -0.014 -1.109
182  0.001 -1.108
183 -0.003 -1.111
184 -0.002 -1.113
185 -0.037 -1.150
186 -0.014 -1.164
187 -0.030 -1.194
188 -0.007 -1.201
189 -0.005 -1.206
190 -0.004 -1.210
191  0.051 -1.159
192  0.043 -1.116
193 -0.028 -1.144
194 -0.075 -1.219
195 -0.056 -1.275
196 -0.013 -1.288
197  0.002 -1.286
198 -0.005 -1.291
199 -0.017 -1.308
200 -0.012 -1.320
201 -0.074 -1.394
202 -0.108 -1.502
203 -0.027 -1.529
204 -0.005 -1.534
205 -0.010 -1.544
206 -0.019 -1.563
207 -0.028 -1.591
208 -0.024 -1.615
209 -0.020 -1.635
210 -0.013 -1.648
211 -0.023 -1.671
212 -0.084 -1.755
213 -0.117 -1.872
214 -0.078 -1.950
215 -0.092 -2.042
216 -0.123 -2.165
217 -0.132 -2.297
218 -0.091 -2.388
219  0.005 -2.383
220 -0.010 -2.393
221 -0.017 -2.410
222 -0.026 -2.436
223 -0.025 -2.461
224 -0.031 -2.492
225 -0.089 -2.581
226 -0.060 -2.641
227 -0.058 -2.699
228 -0.056 -2.755
229  0.006 -2.749
230  0.002 -2.747
231 -0.021 -2.768
232 -0.034 -2.802
233  0.009 -2.793
234 -0.008 -2.801
235 -0.004 -2.805
236 -0.005 -2.810
237 -0.016 -2.826
238 -0.002 -2.828
239  0.003 -2.825
240  0.027 -2.798
241  0.030 -2.768
242  0.006 -2.762
243 -0.016 -2.778
244 -0.041 -2.819
245 -0.063 -2.882
246 -0.090 -2.972
247 -0.080 -3.052
248 -0.056 -3.108
249 -0.037 -3.145
250 -0.008 -3.153
251  0.014 -3.139
252  0.021 -3.118
253 -0.010 -3.128
254 -0.033 -3.161
255 -0.035 -3.196
256  0.024   NaN 
257  0.021   NaN 
258  0.009   NaN 
259  0.013   NaN 
260  0.009   NaN 
261  0.017   NaN 
262  0.000   NaN 
263  0.012   NaN 
264 -0.006   NaN 
265 -0.027   NaN 
266  0.051   NaN 
267  0.069   NaN 
268  0.112   NaN 
269  0.026   NaN 
270  0.015   NaN 
271  0.011   NaN 
272  0.023   NaN 
273  0.007   NaN 
274 -0.005   NaN 
275 -0.015   NaN 
276 -0.021   NaN 
277 -0.032   NaN 
278 -0.035   NaN 
279 -0.041   NaN 
280 -0.050   NaN 
281 -0.059   NaN 
282 -0.045   NaN 
283 -0.020   NaN 
284 -0.009   NaN 
285 -0.001   NaN 
286  0.006   NaN 
287 -0.003   NaN 
288 -0.001   NaN 
289  0.000   NaN 
290  0.006   NaN 
291  0.008   NaN 
292 -0.011   NaN 
293 -0.001   NaN 
294  0.005   NaN 
295  0.001   NaN 
296  0.011   NaN 
297  0.006   NaN 
298  0.019   NaN 
299  0.081   NaN 
300  0.091   NaN 
301  0.007   NaN 
302  0.059   NaN 
303  0.214   NaN 
304  0.040   NaN 
305 -0.005   NaN 
306 -0.007   NaN 
307 -0.019   NaN 
308 -0.036   NaN 
309 -0.033   NaN 
310 -0.062   NaN 
311 -0.026   NaN 
312 -0.005   NaN 
313 -0.001   NaN 
314 -0.005   NaN 
315 -0.007   NaN 
316 -0.011   NaN 
317 -0.001   NaN 
318  0.000   NaN 
319  0.004   NaN 
320  0.039   NaN 
321  0.028   NaN 
322  0.193   NaN 
323  0.120   NaN 
324  0.328   NaN 
325  0.052   NaN 
326  0.057   NaN 
327  0.225   NaN 
328  0.245   NaN 
329 -0.007   NaN 
330  0.135   NaN 
331  0.220   NaN 
332  0.013   NaN 
333  0.000   NaN 
334  0.001   NaN 
335 -0.002   NaN 
336 -0.002   NaN 
337 -0.002   NaN 
338 -0.002   NaN 
339 -0.005   NaN 
340 -0.003   NaN 
341 -0.007   NaN 
342 -0.006   NaN 
343  0.000   NaN 
344  0.000   NaN 
345  0.004   NaN 
346 -0.003   NaN 
347  0.047   NaN 
348  0.139   NaN 
349  0.017   NaN 
350 -0.003   NaN 
351 -0.001   NaN 
352  0.003   NaN 
353  0.010   NaN 
354 -0.002   NaN 
355  0.003   NaN 
356  0.130   NaN 
357  0.090   NaN 
358  0.015   NaN 
359  0.002   NaN 
360  0.055   NaN 
361  0.010   NaN 
362 -0.007   NaN 
363  0.126   NaN 
364  0.015   NaN 
365  0.013   NaN 
