# Spring transition day: 106 (95% confidence interval: 100 - 142 )
#
# column 1:  yearday 1987 (UTC)
# column 2:  northward windstress (Newtons/m2)
# column 3:  cumulative-from-spring-transition northward windstress
#                [ending at fall transition]      (Newtons/m2*days)
  1  0.123   NaN 
  2  0.014   NaN 
  3  0.129   NaN 
  4  0.043   NaN 
  5  0.010   NaN 
  6  0.003   NaN 
  7 -0.002   NaN 
  8  0.001   NaN 
  9  0.001   NaN 
 10  0.004   NaN 
 11  0.033   NaN 
 12  0.051   NaN 
 13  0.027   NaN 
 14  0.032   NaN 
 15 -0.011   NaN 
 16 -0.005   NaN 
 17 -0.006   NaN 
 18 -0.002   NaN 
 19  0.001   NaN 
 20 -0.005   NaN 
 21  0.000   NaN 
 22  0.004   NaN 
 23  0.011   NaN 
 24  0.116   NaN 
 25  0.027   NaN 
 26  0.107   NaN 
 27  0.102   NaN 
 28  0.192   NaN 
 29  0.059   NaN 
 30  0.036   NaN 
 31  0.417   NaN 
 32  0.740   NaN 
 33  0.031   NaN 
 34  0.030   NaN 
 35  0.017   NaN 
 36  0.012   NaN 
 37  0.006   NaN 
 38  0.001   NaN 
 39 -0.001   NaN 
 40  0.010   NaN 
 41  0.009   NaN 
 42  0.045   NaN 
 43 -0.002   NaN 
 44  0.079   NaN 
 45  0.025   NaN 
 46  0.040   NaN 
 47  0.081   NaN 
 48  0.037   NaN 
 49 -0.005   NaN 
 50 -0.002   NaN 
 51 -0.003   NaN 
 52 -0.057   NaN 
 53 -0.097   NaN 
 54 -0.127   NaN 
 55 -0.026   NaN 
 56 -0.021   NaN 
 57 -0.014   NaN 
 58 -0.001   NaN 
 59  0.018   NaN 
 60  0.142   NaN 
 61  0.128   NaN 
 62  0.144   NaN 
 63  0.042   NaN 
 64  0.036   NaN 
 65  0.051   NaN 
 66  0.000   NaN 
 67  0.002   NaN 
 68  0.074   NaN 
 69  0.059   NaN 
 70  0.047   NaN 
 71  0.029   NaN 
 72  0.065   NaN 
 73  0.058   NaN 
 74 -0.004   NaN 
 75 -0.001   NaN 
 76  0.105   NaN 
 77  0.000   NaN 
 78  0.003   NaN 
 79  0.010   NaN 
 80 -0.004   NaN 
 81  0.018   NaN 
 82  0.030   NaN 
 83 -0.004   NaN 
 84 -0.008   NaN 
 85 -0.034   NaN 
 86 -0.028   NaN 
 87 -0.030   NaN 
 88 -0.007   NaN 
 89 -0.001   NaN 
 90 -0.001   NaN 
 91 -0.001   NaN 
 92  0.014   NaN 
 93  0.017   NaN 
 94 -0.001   NaN 
 95  0.013   NaN 
 96  0.047   NaN 
 97  0.057   NaN 
 98  0.066   NaN 
 99 -0.008   NaN 
100  0.033   NaN 
101  0.016   NaN 
102 -0.005   NaN 
103 -0.008   NaN 
104  0.004   NaN 
105  0.007   NaN 
106  0.020  0.000
107 -0.007 -0.007
108 -0.016 -0.023
109 -0.020 -0.043
110 -0.035 -0.078
111 -0.056 -0.134
112 -0.094 -0.228
113 -0.035 -0.263
114 -0.045 -0.308
115 -0.058 -0.366
116 -0.027 -0.393
117  0.020 -0.373
118  0.009 -0.364
119 -0.010 -0.374
120  0.007 -0.367
121  0.053 -0.314
122  0.112 -0.202
123  0.066 -0.136
124 -0.008 -0.144
125 -0.044 -0.188
126 -0.062 -0.250
127 -0.039 -0.289
128  0.002 -0.287
129  0.008 -0.279
130  0.002 -0.277
131  0.003 -0.274
132 -0.003 -0.277
133 -0.001 -0.278
134  0.004 -0.274
135 -0.085 -0.359
136 -0.104 -0.463
137 -0.159 -0.622
138 -0.092 -0.714
139 -0.018 -0.732
140 -0.042 -0.774
141 -0.055 -0.829
142 -0.021 -0.850
143 -0.021 -0.871
144 -0.027 -0.898
145 -0.027 -0.925
146 -0.002 -0.927
147  0.000 -0.927
148  0.017 -0.910
149  0.004 -0.906
150  0.215 -0.691
151  0.063 -0.628
152 -0.006 -0.634
153 -0.061 -0.695
154 -0.058 -0.753
155  0.050 -0.703
156  0.072 -0.631
157 -0.067 -0.698
158 -0.052 -0.750
159 -0.035 -0.785
160 -0.040 -0.825
161 -0.024 -0.849
162 -0.025 -0.874
163  0.005 -0.869
164 -0.014 -0.883
165 -0.071 -0.954
166 -0.028 -0.982
167 -0.008 -0.990
168 -0.022 -1.012
169 -0.055 -1.067
170 -0.042 -1.109
171  0.019 -1.090
172  0.055 -1.035
173 -0.007 -1.042
174 -0.056 -1.098
175 -0.075 -1.173
176 -0.085 -1.258
177 -0.105 -1.363
178 -0.093 -1.456
179 -0.055 -1.511
180 -0.015 -1.526
181  0.009 -1.517
182  0.017 -1.500
183  0.033 -1.467
184  0.003 -1.464
185  0.045 -1.419
186  0.071 -1.348
187 -0.006 -1.354
188  0.007 -1.347
189 -0.013 -1.360
190 -0.013 -1.373
191 -0.002 -1.375
192 -0.038 -1.413
193 -0.061 -1.474
194 -0.074 -1.548
195 -0.120 -1.668
196 -0.176 -1.844
197 -0.015 -1.859
198 -0.003 -1.862
199  0.048 -1.814
200  0.037 -1.777
201 -0.029 -1.806
202 -0.016 -1.822
203  0.011 -1.811
204 -0.012 -1.823
205 -0.013 -1.836
206  0.019 -1.817
207  0.010 -1.807
208  0.018 -1.789
209 -0.003 -1.792
210 -0.001 -1.793
211 -0.005 -1.798
212 -0.013 -1.811
213 -0.074 -1.885
214 -0.114 -1.999
215 -0.057 -2.056
216 -0.088 -2.144
217 -0.076 -2.220
218 -0.034 -2.254
219 -0.059 -2.313
220 -0.051 -2.364
221  0.001 -2.363
222  0.008 -2.355
223 -0.006 -2.361
224 -0.049 -2.410
225  0.007 -2.403
226  0.006 -2.397
227  0.000 -2.397
228 -0.021 -2.418
229 -0.076 -2.494
230 -0.122 -2.616
231 -0.135 -2.751
232 -0.052 -2.803
233 -0.066 -2.869
234 -0.058 -2.927
235 -0.001 -2.928
236  0.001 -2.927
237 -0.017 -2.944
238 -0.023 -2.967
239 -0.019 -2.986
240 -0.044 -3.030
241 -0.046 -3.076
242 -0.043 -3.119
243 -0.017 -3.136
244  0.001 -3.135
245 -0.006 -3.141
246 -0.015 -3.156
247 -0.042 -3.198
248 -0.030 -3.228
249  0.034 -3.194
250  0.007 -3.187
251  0.002 -3.185
252 -0.021 -3.206
253  0.000 -3.206
254  0.012 -3.194
255 -0.002 -3.196
256 -0.004 -3.200
257  0.066 -3.134
258  0.046 -3.088
259 -0.026 -3.114
260 -0.049 -3.163
261 -0.021 -3.184
262 -0.009 -3.193
263 -0.007 -3.200
264 -0.015 -3.215
265 -0.038 -3.253
266  0.009 -3.244
267  0.013 -3.231
268  0.015 -3.216
269  0.003 -3.213
270 -0.018 -3.231
271 -0.013 -3.244
272 -0.015 -3.259
273 -0.002 -3.261
274  0.011 -3.250
275  0.016 -3.234
276 -0.003 -3.237
277 -0.019 -3.256
278 -0.028 -3.284
279 -0.017 -3.301
280  0.015 -3.286
281  0.012 -3.274
282 -0.009 -3.283
283  0.010 -3.273
284 -0.001 -3.274
285 -0.001 -3.275
286 -0.020 -3.295
287 -0.021 -3.316
288 -0.026 -3.342
289 -0.029 -3.371
290 -0.033 -3.404
291 -0.036 -3.440
292 -0.015 -3.455
293  0.015 -3.440
294  0.004 -3.436
295 -0.006 -3.442
296 -0.013 -3.455
297 -0.010 -3.465
298 -0.009 -3.474
299 -0.017 -3.491
300 -0.017 -3.508
301 -0.003 -3.511
302  0.007 -3.504
303  0.007 -3.497
304  0.011 -3.486
305  0.001 -3.485
306 -0.030 -3.515
307 -0.018 -3.533
308 -0.008 -3.541
309 -0.001 -3.542
310  0.034   NaN 
311  0.005   NaN 
312 -0.001   NaN 
313  0.042   NaN 
314  0.025   NaN 
315  0.070   NaN 
316  0.022   NaN 
317  0.078   NaN 
318 -0.008   NaN 
319  0.001   NaN 
320  0.002   NaN 
321 -0.001   NaN 
322  0.004   NaN 
323  0.003   NaN 
324  0.045   NaN 
325  0.044   NaN 
326  0.070   NaN 
327 -0.003   NaN 
328  0.091   NaN 
329 -0.007   NaN 
330  0.005   NaN 
331 -0.001   NaN 
332  0.002   NaN 
333  0.001   NaN 
334  0.067   NaN 
335  0.299   NaN 
336  0.083   NaN 
337  0.149   NaN 
338 -0.008   NaN 
339  0.028   NaN 
340  0.073   NaN 
341  0.128   NaN 
342  0.051   NaN 
343  0.319   NaN 
344  0.196   NaN 
345 -0.013   NaN 
346  0.000   NaN 
347 -0.008   NaN 
348  0.016   NaN 
349 -0.001   NaN 
350  0.002   NaN 
351 -0.003   NaN 
352 -0.001   NaN 
353 -0.004   NaN 
354  0.046   NaN 
355  0.081   NaN 
356 -0.028   NaN 
357 -0.011   NaN 
358 -0.001   NaN 
359  0.000   NaN 
360  0.000   NaN 
361  0.000   NaN 
362 -0.006   NaN 
363  0.012   NaN 
364  0.016   NaN 
365  0.012   NaN 
