# Spring transition day: 155 (95% confidence interval: 144 - 175 )
#
# column 1:  yearday 1988 (UTC)
# column 2:  northward windstress (Newtons/m2)
# column 3:  cumulative-from-spring-transition northward windstress
#                [ending at fall transition]      (Newtons/m2*days)
  1 -0.002   NaN 
  2 -0.003   NaN 
  3 -0.004   NaN 
  4 -0.002   NaN 
  5 -0.002   NaN 
  6  0.008   NaN 
  7 -0.010   NaN 
  8  0.037   NaN 
  9  0.074   NaN 
 10  0.071   NaN 
 11  0.254   NaN 
 12 -0.016   NaN 
 13  0.062   NaN 
 14  0.510   NaN 
 15  0.130   NaN 
 16  0.055   NaN 
 17  0.005   NaN 
 18  0.006   NaN 
 19  0.012   NaN 
 20  0.044   NaN 
 21 -0.002   NaN 
 22  0.004   NaN 
 23  0.003   NaN 
 24 -0.006   NaN 
 25 -0.006   NaN 
 26 -0.003   NaN 
 27  0.005   NaN 
 28  0.099   NaN 
 29  0.092   NaN 
 30 -0.020   NaN 
 31  0.015   NaN 
 32 -0.002   NaN 
 33 -0.003   NaN 
 34 -0.004   NaN 
 35 -0.005   NaN 
 36  0.007   NaN 
 37  0.031   NaN 
 38  0.005   NaN 
 39  0.081   NaN 
 40  0.090   NaN 
 41  0.037   NaN 
 42 -0.003   NaN 
 43  0.011   NaN 
 44  0.020   NaN 
 45  0.005   NaN 
 46  0.019   NaN 
 47 -0.023   NaN 
 48  0.005   NaN 
 49 -0.015   NaN 
 50 -0.024   NaN 
 51 -0.023   NaN 
 52 -0.008   NaN 
 53 -0.012   NaN 
 54 -0.010   NaN 
 55  0.005   NaN 
 56  0.003   NaN 
 57 -0.007   NaN 
 58 -0.011   NaN 
 59  0.015   NaN 
 60  0.016   NaN 
 61  0.027   NaN 
 62  0.027   NaN 
 63  0.005   NaN 
 64  0.071   NaN 
 65  0.050   NaN 
 66  0.075   NaN 
 67 -0.017   NaN 
 68  0.006   NaN 
 69 -0.010   NaN 
 70 -0.023   NaN 
 71 -0.016   NaN 
 72 -0.021   NaN 
 73 -0.021   NaN 
 74 -0.018   NaN 
 75 -0.012   NaN 
 76 -0.016   NaN 
 77 -0.009   NaN 
 78  0.004   NaN 
 79  0.010   NaN 
 80  0.078   NaN 
 81  0.051   NaN 
 82  0.124   NaN 
 83  0.154   NaN 
 84  0.078   NaN 
 85  0.101   NaN 
 86  0.099   NaN 
 87 -0.026   NaN 
 88 -0.016   NaN 
 89  0.017   NaN 
 90 -0.034   NaN 
 91 -0.021   NaN 
 92 -0.035   NaN 
 93  0.109   NaN 
 94  0.164   NaN 
 95  0.012   NaN 
 96  0.018   NaN 
 97  0.113   NaN 
 98  0.004   NaN 
 99 -0.017   NaN 
100 -0.028   NaN 
101 -0.002   NaN 
102 -0.044   NaN 
103 -0.033   NaN 
104  0.024   NaN 
105 -0.019   NaN 
106 -0.019   NaN 
107 -0.020   NaN 
108 -0.009   NaN 
109  0.002   NaN 
110  0.004   NaN 
111  0.009   NaN 
112 -0.001   NaN 
113 -0.006   NaN 
114 -0.017   NaN 
115  0.004   NaN 
116 -0.006   NaN 
117 -0.013   NaN 
118  0.009   NaN 
119  0.057   NaN 
120  0.065   NaN 
121  0.008   NaN 
122  0.007   NaN 
123  0.037   NaN 
124  0.025   NaN 
125 -0.001   NaN 
126 -0.026   NaN 
127  0.025   NaN 
128  0.009   NaN 
129  0.006   NaN 
130  0.005   NaN 
131  0.005   NaN 
132  0.004   NaN 
133  0.014   NaN 
134  0.122   NaN 
135  0.038   NaN 
136 -0.002   NaN 
137  0.044   NaN 
138  0.024   NaN 
139  0.026   NaN 
140 -0.018   NaN 
141 -0.054   NaN 
142 -0.023   NaN 
143  0.002   NaN 
144 -0.024   NaN 
145 -0.052   NaN 
146 -0.015   NaN 
147  0.019   NaN 
148  0.116   NaN 
149  0.063   NaN 
150  0.000   NaN 
151  0.011   NaN 
152  0.034   NaN 
153  0.012   NaN 
154  0.046   NaN 
155  0.061  0.000
156 -0.011 -0.011
157 -0.033 -0.044
158 -0.034 -0.078
159 -0.003 -0.081
160 -0.003 -0.084
161 -0.002 -0.086
162  0.005 -0.081
163 -0.055 -0.136
164 -0.066 -0.202
165 -0.044 -0.246
166 -0.034 -0.280
167 -0.021 -0.301
168 -0.061 -0.362
169  0.000 -0.362
170  0.021 -0.341
171 -0.030 -0.371
172 -0.039 -0.410
173 -0.018 -0.428
174 -0.004 -0.432
175 -0.016 -0.448
176 -0.025 -0.473
177 -0.013 -0.486
178 -0.003 -0.489
179 -0.007 -0.496
180  0.002 -0.494
181 -0.003 -0.497
182 -0.014 -0.511
183  0.008 -0.503
184  0.029 -0.474
185 -0.021 -0.495
186 -0.024 -0.519
187  0.010 -0.509
188 -0.027 -0.536
189 -0.065 -0.601
190 -0.019 -0.620
191 -0.026 -0.646
192 -0.016 -0.662
193  0.002 -0.660
194  0.083 -0.577
195  0.057 -0.520
196  0.001 -0.519
197 -0.002 -0.521
198 -0.019 -0.540
199 -0.054 -0.594
200 -0.077 -0.671
201 -0.026 -0.697
202 -0.005 -0.702
203 -0.087 -0.789
204 -0.135 -0.924
205 -0.090 -1.014
206 -0.079 -1.093
207 -0.080 -1.173
208 -0.096 -1.269
209 -0.062 -1.331
210 -0.049 -1.380
211 -0.053 -1.433
212 -0.096 -1.529
213 -0.110 -1.639
214 -0.046 -1.685
215 -0.035 -1.720
216 -0.048 -1.768
217 -0.050 -1.818
218 -0.068 -1.886
219 -0.008 -1.894
220 -0.032 -1.926
221 -0.035 -1.961
222 -0.040 -2.001
223 -0.054 -2.055
224 -0.027 -2.082
225 -0.015 -2.097
226 -0.009 -2.106
227 -0.010 -2.116
228 -0.019 -2.135
229  0.025 -2.110
230  0.004 -2.106
231 -0.019 -2.125
232 -0.053 -2.178
233 -0.099 -2.277
234 -0.071 -2.348
235 -0.035 -2.383
236  0.025 -2.358
237  0.007 -2.351
238  0.000 -2.351
239 -0.014 -2.365
240 -0.036 -2.401
241 -0.039 -2.440
242 -0.008 -2.448
243 -0.047 -2.495
244 -0.081 -2.576
245 -0.047 -2.623
246  0.002 -2.621
247  0.010 -2.611
248 -0.018 -2.629
249 -0.038 -2.667
250 -0.011 -2.678
251 -0.032 -2.710
252 -0.078 -2.788
253 -0.133 -2.921
254 -0.041 -2.962
255 -0.039 -3.001
256 -0.028 -3.029
257 -0.003 -3.032
258  0.018 -3.014
259  0.004 -3.010
260 -0.005 -3.015
261  0.000 -3.015
262 -0.001 -3.016
263  0.040 -2.976
264 -0.006 -2.982
265 -0.035 -3.017
266 -0.049 -3.066
267 -0.011 -3.077
268 -0.006 -3.083
269  0.163   NaN 
270  0.073   NaN 
271  0.049   NaN 
272 -0.008   NaN 
273 -0.032   NaN 
274 -0.036   NaN 
275 -0.010   NaN 
276  0.027   NaN 
277  0.003   NaN 
278 -0.001   NaN 
279 -0.011   NaN 
280 -0.019   NaN 
281 -0.008   NaN 
282 -0.008   NaN 
283 -0.009   NaN 
284  0.012   NaN 
285  0.015   NaN 
286  0.010   NaN 
287  0.033   NaN 
288  0.068   NaN 
289  0.110   NaN 
290  0.021   NaN 
291 -0.013   NaN 
292 -0.006   NaN 
293  0.022   NaN 
294 -0.015   NaN 
295 -0.007   NaN 
296 -0.005   NaN 
297 -0.022   NaN 
298 -0.025   NaN 
299 -0.017   NaN 
300 -0.057   NaN 
301 -0.026   NaN 
302  0.002   NaN 
303  0.015   NaN 
304  0.018   NaN 
305 -0.004   NaN 
306  0.035   NaN 
307  0.186   NaN 
308  0.183   NaN 
309  0.073   NaN 
310  0.044   NaN 
311  0.026   NaN 
312  0.006   NaN 
313  0.020   NaN 
314  0.004   NaN 
315  0.026   NaN 
316  0.009   NaN 
317  0.049   NaN 
318 -0.001   NaN 
319  0.004   NaN 
320  0.043   NaN 
321  0.048   NaN 
322 -0.055   NaN 
323 -0.009   NaN 
324  0.036   NaN 
325  0.045   NaN 
326  0.122   NaN 
327  0.188   NaN 
328  0.052   NaN 
329  0.056   NaN 
330  0.049   NaN 
331 -0.018   NaN 
332  0.084   NaN 
333  0.015   NaN 
334  0.001   NaN 
335 -0.001   NaN 
336  0.006   NaN 
337  0.019   NaN 
338 -0.001   NaN 
339 -0.002   NaN 
340  0.032   NaN 
341  0.064   NaN 
342  0.001   NaN 
343 -0.001   NaN 
344 -0.004   NaN 
345 -0.009   NaN 
346 -0.003   NaN 
347  0.006   NaN 
348 -0.011   NaN 
349 -0.015   NaN 
350 -0.009   NaN 
351  0.001   NaN 
352 -0.001   NaN 
353  0.021   NaN 
354  0.027   NaN 
355  0.026   NaN 
356  0.072   NaN 
357  0.015   NaN 
358  0.018   NaN 
359  0.005   NaN 
360  0.002   NaN 
361 -0.002   NaN 
362  0.007   NaN 
363 -0.005   NaN 
364  0.114   NaN 
365  0.218   NaN 
366 -0.010   NaN 
