# Spring transition day: 96 (95% confidence interval: 94 - 169 )
#
# column 1:  yearday 1989 (UTC)
# column 2:  northward windstress (Newtons/m2)
# column 3:  cumulative-from-spring-transition northward windstress
#                [ending at fall transition]      (Newtons/m2*days)
  1  0.016   NaN 
  2  0.040   NaN 
  3  0.049   NaN 
  4  0.011   NaN 
  5 -0.015   NaN 
  6 -0.012   NaN 
  7 -0.006   NaN 
  8  0.090   NaN 
  9  0.116   NaN 
 10 -0.011   NaN 
 11 -0.011   NaN 
 12  0.021   NaN 
 13  0.116   NaN 
 14  0.030   NaN 
 15  0.177   NaN 
 16  0.106   NaN 
 17  0.102   NaN 
 18  0.053   NaN 
 19 -0.001   NaN 
 20  0.004   NaN 
 21  0.006   NaN 
 22 -0.034   NaN 
 23 -0.008   NaN 
 24  0.000   NaN 
 25 -0.002   NaN 
 26  0.002   NaN 
 27  0.001   NaN 
 28 -0.009   NaN 
 29 -0.004   NaN 
 30 -0.001   NaN 
 31  0.006   NaN 
 32 -0.028   NaN 
 33 -0.022   NaN 
 34 -0.001   NaN 
 35 -0.004   NaN 
 36 -0.006   NaN 
 37 -0.002   NaN 
 38 -0.001   NaN 
 39 -0.001   NaN 
 40 -0.002   NaN 
 41 -0.001   NaN 
 42  0.000   NaN 
 43  0.002   NaN 
 44 -0.008   NaN 
 45  0.000   NaN 
 46 -0.003   NaN 
 47  0.128   NaN 
 48  0.237   NaN 
 49  0.075   NaN 
 50  0.008   NaN 
 51  0.054   NaN 
 52  0.003   NaN 
 53  0.114   NaN 
 54  0.092   NaN 
 55  0.026   NaN 
 56  0.037   NaN 
 57 -0.013   NaN 
 58 -0.020   NaN 
 59 -0.001   NaN 
 60 -0.001   NaN 
 61 -0.015   NaN 
 62 -0.022   NaN 
 63  0.003   NaN 
 64  0.160   NaN 
 65  0.151   NaN 
 66  0.028   NaN 
 67  0.009   NaN 
 68  0.067   NaN 
 69  0.171   NaN 
 70  0.098   NaN 
 71  0.102   NaN 
 72  0.044   NaN 
 73  0.028   NaN 
 74  0.036   NaN 
 75  0.063   NaN 
 76  0.043   NaN 
 77  0.032   NaN 
 78  0.007   NaN 
 79  0.005   NaN 
 80  0.056   NaN 
 81 -0.004   NaN 
 82 -0.013   NaN 
 83  0.018   NaN 
 84  0.044   NaN 
 85  0.031   NaN 
 86  0.100   NaN 
 87  0.050   NaN 
 88  0.025   NaN 
 89  0.015   NaN 
 90  0.024   NaN 
 91  0.067   NaN 
 92  0.075   NaN 
 93  0.032   NaN 
 94  0.041   NaN 
 95  0.038   NaN 
 96  0.001  0.000
 97 -0.045 -0.045
 98 -0.047 -0.092
 99 -0.023 -0.115
100  0.082 -0.033
101 -0.025 -0.058
102 -0.074 -0.132
103 -0.021 -0.153
104  0.025 -0.128
105 -0.014 -0.142
106 -0.050 -0.192
107 -0.021 -0.213
108  0.024 -0.189
109  0.006 -0.183
110  0.034 -0.149
111  0.007 -0.142
112  0.022 -0.120
113  0.012 -0.108
114 -0.002 -0.110
115  0.017 -0.093
116  0.042 -0.051
117 -0.005 -0.056
118 -0.025 -0.081
119 -0.008 -0.089
120  0.021 -0.068
121  0.009 -0.059
122 -0.015 -0.074
123 -0.010 -0.084
124  0.003 -0.081
125 -0.009 -0.090
126 -0.006 -0.096
127 -0.040 -0.136
128 -0.044 -0.180
129 -0.035 -0.215
130 -0.014 -0.229
131 -0.001 -0.230
132 -0.003 -0.233
133 -0.011 -0.244
134 -0.028 -0.272
135 -0.031 -0.303
136 -0.014 -0.317
137  0.023 -0.294
138  0.027 -0.267
139 -0.010 -0.277
140 -0.049 -0.326
141 -0.023 -0.349
142  0.014 -0.335
143  0.036 -0.299
144  0.045 -0.254
145  0.015 -0.239
146  0.013 -0.226
147 -0.007 -0.233
148  0.007 -0.226
149 -0.001 -0.227
150 -0.006 -0.233
151 -0.038 -0.271
152 -0.058 -0.329
153 -0.042 -0.371
154 -0.016 -0.387
155 -0.026 -0.413
156 -0.035 -0.448
157  0.008 -0.440
158 -0.010 -0.450
159 -0.016 -0.466
160 -0.020 -0.486
161 -0.044 -0.530
162 -0.030 -0.560
163  0.006 -0.554
164  0.012 -0.542
165  0.024 -0.518
166 -0.008 -0.526
167 -0.005 -0.531
168  0.012 -0.519
169  0.014 -0.505
170  0.039 -0.466
171 -0.004 -0.470
172 -0.038 -0.508
173 -0.060 -0.568
174 -0.055 -0.623
175 -0.041 -0.664
176  0.021 -0.643
177 -0.003 -0.646
178 -0.020 -0.666
179  0.007 -0.659
180  0.007 -0.652
181  0.130 -0.522
182  0.070 -0.452
183  0.033 -0.419
184  0.010 -0.409
185 -0.006 -0.415
186 -0.028 -0.443
187 -0.058 -0.501
188 -0.028 -0.529
189 -0.010 -0.539
190 -0.019 -0.558
191  0.000 -0.558
192 -0.007 -0.565
193 -0.013 -0.578
194 -0.002 -0.580
195 -0.011 -0.591
196 -0.007 -0.598
197  0.072 -0.526
198  0.051 -0.475
199  0.015 -0.460
200 -0.005 -0.465
201 -0.015 -0.480
202 -0.017 -0.497
203 -0.077 -0.574
204 -0.044 -0.618
205 -0.035 -0.653
206 -0.026 -0.679
207 -0.002 -0.681
208 -0.004 -0.685
209 -0.015 -0.700
210 -0.006 -0.706
211  0.002 -0.704
212  0.004 -0.700
213  0.033 -0.667
214  0.052 -0.615
215 -0.011 -0.626
216 -0.026 -0.652
217 -0.042 -0.694
218 -0.043 -0.737
219 -0.047 -0.784
220 -0.071 -0.855
221 -0.019 -0.874
222 -0.027 -0.901
223 -0.012 -0.913
224  0.003 -0.910
225  0.000 -0.910
226 -0.009 -0.919
227 -0.010 -0.929
228 -0.026 -0.955
229 -0.036 -0.991
230 -0.059 -1.050
231 -0.019 -1.069
232 -0.006 -1.075
233  0.031 -1.044
234  0.032 -1.012
235  0.005 -1.007
236 -0.003 -1.010
237 -0.011 -1.021
238 -0.019 -1.040
239 -0.008 -1.048
240 -0.026 -1.074
241 -0.024 -1.098
242  0.015 -1.083
243  0.000 -1.083
244  0.002 -1.081
245 -0.005 -1.086
246 -0.043 -1.129
247 -0.043 -1.172
248 -0.034 -1.206
249 -0.022 -1.228
250 -0.040 -1.268
251 -0.007 -1.275
252  0.002 -1.273
253  0.002 -1.271
254 -0.010 -1.281
255 -0.026 -1.307
256 -0.019 -1.326
257 -0.007 -1.333
258 -0.019 -1.352
259 -0.032 -1.384
260 -0.002 -1.386
261 -0.007 -1.393
262 -0.030 -1.423
263 -0.041 -1.464
264 -0.022 -1.486
265 -0.008 -1.494
266 -0.007 -1.501
267  0.017   NaN 
268  0.016   NaN 
269  0.020   NaN 
270 -0.024   NaN 
271 -0.026   NaN 
272  0.049   NaN 
273  0.070   NaN 
274  0.005   NaN 
275 -0.007   NaN 
276 -0.016   NaN 
277 -0.001   NaN 
278 -0.002   NaN 
279 -0.008   NaN 
280 -0.006   NaN 
281 -0.011   NaN 
282 -0.021   NaN 
283 -0.024   NaN 
284  0.003   NaN 
285  0.000   NaN 
286  0.014   NaN 
287 -0.011   NaN 
288 -0.021   NaN 
289  0.004   NaN 
290 -0.002   NaN 
291  0.000   NaN 
292 -0.004   NaN 
293  0.003   NaN 
294  0.156   NaN 
295  0.048   NaN 
296  0.050   NaN 
297  0.051   NaN 
298  0.022   NaN 
299  0.103   NaN 
300  0.007   NaN 
301 -0.003   NaN 
302 -0.011   NaN 
303 -0.012   NaN 
304 -0.010   NaN 
305 -0.005   NaN 
306 -0.006   NaN 
307 -0.009   NaN 
308  0.032   NaN 
309 -0.004   NaN 
310  0.038   NaN 
311  0.028   NaN 
312  0.026   NaN 
313  0.099   NaN 
314  0.011   NaN 
315  0.025   NaN 
316  0.003   NaN 
317  0.009   NaN 
318  0.010   NaN 
319 -0.008   NaN 
320 -0.002   NaN 
321  0.015   NaN 
322  0.001   NaN 
323 -0.003   NaN 
324  0.013   NaN 
325  0.011   NaN 
326 -0.008   NaN 
327  0.065   NaN 
328  0.043   NaN 
329  0.036   NaN 
330 -0.007   NaN 
331  0.028   NaN 
332  0.002   NaN 
333  0.004   NaN 
334 -0.002   NaN 
335  0.001   NaN 
336  0.009   NaN 
337  0.081   NaN 
338  0.235   NaN 
339  0.027   NaN 
340  0.013   NaN 
341  0.012   NaN 
342  0.097   NaN 
343 -0.005   NaN 
344 -0.003   NaN 
345 -0.003   NaN 
346 -0.006   NaN 
347 -0.003   NaN 
348 -0.012   NaN 
349 -0.012   NaN 
350 -0.004   NaN 
351 -0.005   NaN 
352 -0.004   NaN 
353  0.005   NaN 
354  0.016   NaN 
355  0.029   NaN 
356  0.030   NaN 
357  0.032   NaN 
358 -0.012   NaN 
359 -0.009   NaN 
360 -0.009   NaN 
361  0.017   NaN 
362 -0.004   NaN 
363  0.000   NaN 
364 -0.004   NaN 
365  0.060   NaN 
