# Spring transition day: 81 (95% confidence interval: 80 - 163 )
#
# column 1:  yearday 1990 (UTC)
# column 2:  northward windstress (Newtons/m2)
# column 3:  cumulative-from-spring-transition northward windstress
#                [ending at fall transition]      (Newtons/m2*days)
  1  0.034   NaN 
  2 -0.036   NaN 
  3 -0.005   NaN 
  4  0.162   NaN 
  5  0.179   NaN 
  6  0.184   NaN 
  7  0.352   NaN 
  8  0.117   NaN 
  9  0.517   NaN 
 10  0.102   NaN 
 11  0.001   NaN 
 12  0.002   NaN 
 13  0.017   NaN 
 14 -0.018   NaN 
 15  0.000   NaN 
 16  0.010   NaN 
 17 -0.005   NaN 
 18 -0.001   NaN 
 19 -0.002   NaN 
 20 -0.002   NaN 
 21  0.007   NaN 
 22  0.060   NaN 
 23  0.020   NaN 
 24 -0.009   NaN 
 25  0.040   NaN 
 26 -0.008   NaN 
 27  0.045   NaN 
 28  0.165   NaN 
 29  0.111   NaN 
 30  0.166   NaN 
 31 -0.029   NaN 
 32  0.042   NaN 
 33  0.084   NaN 
 34  0.130   NaN 
 35  0.001   NaN 
 36  0.092   NaN 
 37  0.038   NaN 
 38  0.047   NaN 
 39  0.043   NaN 
 40  0.090   NaN 
 41  0.157   NaN 
 42  0.015   NaN 
 43 -0.023   NaN 
 44 -0.022   NaN 
 45  0.000   NaN 
 46  0.065   NaN 
 47  0.009   NaN 
 48  0.005   NaN 
 49 -0.002   NaN 
 50 -0.003   NaN 
 51  0.088   NaN 
 52  0.096   NaN 
 53 -0.010   NaN 
 54  0.003   NaN 
 55 -0.011   NaN 
 56 -0.027   NaN 
 57 -0.012   NaN 
 58  0.004   NaN 
 59  0.004   NaN 
 60  0.000   NaN 
 61  0.003   NaN 
 62  0.061   NaN 
 63  0.050   NaN 
 64  0.010   NaN 
 65  0.033   NaN 
 66  0.018   NaN 
 67  0.018   NaN 
 68  0.080   NaN 
 69  0.101   NaN 
 70  0.001   NaN 
 71  0.005   NaN 
 72  0.017   NaN 
 73  0.122   NaN 
 74 -0.010   NaN 
 75 -0.003   NaN 
 76  0.023   NaN 
 77 -0.001   NaN 
 78  0.005   NaN 
 79  0.031   NaN 
 80 -0.011   NaN 
 81  0.041  0.000
 82 -0.002 -0.002
 83 -0.017 -0.019
 84  0.010 -0.009
 85 -0.009 -0.018
 86 -0.038 -0.056
 87 -0.043 -0.099
 88 -0.085 -0.184
 89 -0.056 -0.240
 90 -0.048 -0.288
 91 -0.022 -0.310
 92 -0.017 -0.327
 93 -0.042 -0.369
 94 -0.052 -0.421
 95 -0.057 -0.478
 96 -0.034 -0.512
 97 -0.012 -0.524
 98  0.016 -0.508
 99  0.001 -0.507
100  0.002 -0.505
101  0.033 -0.472
102 -0.007 -0.479
103 -0.008 -0.487
104 -0.011 -0.498
105  0.001 -0.497
106  0.033 -0.464
107 -0.022 -0.486
108 -0.016 -0.502
109  0.010 -0.492
110 -0.001 -0.493
111 -0.019 -0.512
112  0.045 -0.467
113  0.025 -0.442
114 -0.011 -0.453
115  0.077 -0.376
116 -0.003 -0.379
117  0.032 -0.347
118 -0.031 -0.378
119 -0.026 -0.404
120 -0.048 -0.452
121 -0.064 -0.516
122 -0.025 -0.541
123 -0.042 -0.583
124 -0.055 -0.638
125 -0.020 -0.658
126 -0.036 -0.694
127 -0.024 -0.718
128 -0.026 -0.744
129 -0.076 -0.820
130 -0.078 -0.898
131  0.004 -0.894
132 -0.002 -0.896
133 -0.002 -0.898
134 -0.005 -0.903
135 -0.019 -0.922
136 -0.022 -0.944
137 -0.023 -0.967
138 -0.005 -0.972
139  0.010 -0.962
140  0.106 -0.856
141  0.052 -0.804
142  0.045 -0.759
143 -0.003 -0.762
144  0.025 -0.737
145  0.020 -0.717
146  0.012 -0.705
147  0.021 -0.684
148 -0.001 -0.685
149  0.040 -0.645
150  0.062 -0.583
151  0.042 -0.541
152  0.031 -0.510
153  0.027 -0.483
154  0.056 -0.427
155  0.060 -0.367
156  0.009 -0.358
157  0.033 -0.325
158  0.015 -0.310
159  0.023 -0.287
160 -0.012 -0.299
161 -0.002 -0.301
162  0.012 -0.289
163 -0.008 -0.297
164 -0.018 -0.315
165 -0.043 -0.358
166 -0.057 -0.415
167 -0.028 -0.443
168 -0.021 -0.464
169 -0.071 -0.535
170 -0.054 -0.589
171 -0.097 -0.686
172 -0.078 -0.764
173  0.016 -0.748
174 -0.007 -0.755
175 -0.018 -0.773
176 -0.002 -0.775
177 -0.008 -0.783
178  0.018 -0.765
179  0.043 -0.722
180  0.009 -0.713
181  0.024 -0.689
182 -0.007 -0.696
183 -0.007 -0.703
184 -0.003 -0.706
185 -0.002 -0.708
186  0.025 -0.683
187  0.026 -0.657
188 -0.015 -0.672
189 -0.102 -0.774
190 -0.072 -0.846
191 -0.048 -0.894
192 -0.057 -0.951
193 -0.008 -0.959
194 -0.067 -1.026
195 -0.087 -1.113
196 -0.071 -1.184
197 -0.156 -1.340
198 -0.084 -1.424
199 -0.094 -1.518
200 -0.087 -1.605
201 -0.019 -1.624
202 -0.008 -1.632
203 -0.011 -1.643
204 -0.001 -1.644
205 -0.001 -1.645
206  0.001 -1.644
207 -0.011 -1.655
208 -0.053 -1.708
209 -0.043 -1.751
210 -0.011 -1.762
211  0.004 -1.758
212 -0.004 -1.762
213 -0.039 -1.801
214 -0.059 -1.860
215 -0.071 -1.931
216 -0.029 -1.960
217  0.022 -1.938
218 -0.019 -1.957
219 -0.066 -2.023
220 -0.078 -2.101
221 -0.074 -2.175
222 -0.048 -2.223
223 -0.008 -2.231
224  0.003 -2.228
225  0.008 -2.220
226 -0.004 -2.224
227  0.029 -2.195
228  0.022 -2.173
229  0.048 -2.125
230  0.035 -2.090
231 -0.009 -2.099
232 -0.028 -2.127
233  0.013 -2.114
234  0.014 -2.100
235 -0.039 -2.139
236 -0.019 -2.158
237  0.007 -2.151
238 -0.005 -2.156
239 -0.008 -2.164
240 -0.001 -2.165
241  0.002 -2.163
242  0.050 -2.113
243  0.007 -2.106
244  0.000 -2.106
245 -0.018 -2.124
246 -0.041 -2.165
247 -0.013 -2.178
248  0.015 -2.163
249  0.002 -2.161
250  0.005 -2.156
251 -0.011 -2.167
252 -0.031 -2.198
253 -0.029 -2.227
254  0.014 -2.213
255  0.012 -2.201
256 -0.018 -2.219
257  0.032 -2.187
258  0.038 -2.149
259  0.048 -2.101
260 -0.009 -2.110
261 -0.012 -2.122
262 -0.023 -2.145
263 -0.041 -2.186
264 -0.023 -2.209
265  0.040 -2.169
266  0.007 -2.162
267 -0.004 -2.166
268 -0.008 -2.174
269  0.000 -2.174
270 -0.005 -2.179
271 -0.019 -2.198
272 -0.044 -2.242
273 -0.046 -2.288
274 -0.008 -2.296
275 -0.004 -2.300
276  0.093   NaN 
277  0.034   NaN 
278  0.008   NaN 
279 -0.010   NaN 
280 -0.018   NaN 
281 -0.024   NaN 
282 -0.015   NaN 
283 -0.019   NaN 
284 -0.022   NaN 
285  0.044   NaN 
286  0.026   NaN 
287  0.011   NaN 
288  0.133   NaN 
289 -0.007   NaN 
290  0.018   NaN 
291  0.047   NaN 
292 -0.002   NaN 
293 -0.004   NaN 
294  0.075   NaN 
295  0.009   NaN 
296  0.002   NaN 
297 -0.001   NaN 
298  0.071   NaN 
299  0.039   NaN 
300  0.024   NaN 
301  0.056   NaN 
302  0.038   NaN 
303  0.059   NaN 
304  0.000   NaN 
305 -0.001   NaN 
306 -0.001   NaN 
307  0.021   NaN 
308  0.042   NaN 
309 -0.021   NaN 
310 -0.011   NaN 
311  0.037   NaN 
312  0.024   NaN 
313  0.113   NaN 
314  0.076   NaN 
315 -0.001   NaN 
316  0.032   NaN 
317  0.102   NaN 
318  0.018   NaN 
319  0.026   NaN 
320  0.001   NaN 
321  0.003   NaN 
322 -0.014   NaN 
323 -0.002   NaN 
324 -0.006   NaN 
325  0.018   NaN 
326  0.128   NaN 
327  0.132   NaN 
328  0.295   NaN 
329  0.089   NaN 
330 -0.011   NaN 
331  0.008   NaN 
332 -0.010   NaN 
333  0.139   NaN 
334 -0.001   NaN 
335  0.047   NaN 
336 -0.009   NaN 
337  0.010   NaN 
338  0.256   NaN 
339  0.003   NaN 
340  0.004   NaN 
341  0.001   NaN 
342  0.011   NaN 
343  0.143   NaN 
344  0.020   NaN 
345 -0.007   NaN 
346  0.003   NaN 
347  0.000   NaN 
348  0.008   NaN 
349 -0.005   NaN 
350 -0.009   NaN 
351  0.019   NaN 
352 -0.036   NaN 
353 -0.049   NaN 
354 -0.001   NaN 
355 -0.007   NaN 
356  0.002   NaN 
357 -0.002   NaN 
358 -0.002   NaN 
359  0.000   NaN 
360 -0.007   NaN 
361  0.015   NaN 
362 -0.047   NaN 
363 -0.017   NaN 
364  0.000   NaN 
365  0.015   NaN 
