# Spring transition day: 128 (95% confidence interval: 121 - 156 )
#
# column 1:  yearday 1991 (UTC)
# column 2:  northward windstress (Newtons/m2)
# column 3:  cumulative-from-spring-transition northward windstress
#                [ending at fall transition]      (Newtons/m2*days)
  1  0.014   NaN 
  2 -0.004   NaN 
  3  0.000   NaN 
  4 -0.001   NaN 
  5  0.004   NaN 
  6  0.001   NaN 
  7  0.060   NaN 
  8  0.056   NaN 
  9  0.025   NaN 
 10  0.186   NaN 
 11  0.223   NaN 
 12  0.249   NaN 
 13  0.112   NaN 
 14  0.091   NaN 
 15  0.059   NaN 
 16 -0.002   NaN 
 17  0.003   NaN 
 18 -0.001   NaN 
 19 -0.003   NaN 
 20 -0.004   NaN 
 21 -0.004   NaN 
 22 -0.017   NaN 
 23 -0.026   NaN 
 24 -0.010   NaN 
 25 -0.002   NaN 
 26  0.004   NaN 
 27 -0.003   NaN 
 28  0.000   NaN 
 29 -0.005   NaN 
 30  0.005   NaN 
 31  0.146   NaN 
 32  0.035   NaN 
 33  0.116   NaN 
 34  0.145   NaN 
 35  0.095   NaN 
 36  0.050   NaN 
 37 -0.005   NaN 
 38  0.006   NaN 
 39  0.007   NaN 
 40  0.002   NaN 
 41 -0.002   NaN 
 42  0.073   NaN 
 43  0.134   NaN 
 44  0.170   NaN 
 45  0.019   NaN 
 46  0.002   NaN 
 47  0.008   NaN 
 48  0.013   NaN 
 49  0.016   NaN 
 50  0.139   NaN 
 51  0.142   NaN 
 52  0.001   NaN 
 53 -0.029   NaN 
 54 -0.023   NaN 
 55 -0.008   NaN 
 56  0.001   NaN 
 57  0.002   NaN 
 58  0.004   NaN 
 59  0.000   NaN 
 60  0.061   NaN 
 61  0.133   NaN 
 62  0.188   NaN 
 63  0.055   NaN 
 64 -0.026   NaN 
 65 -0.002   NaN 
 66 -0.009   NaN 
 67 -0.004   NaN 
 68  0.010   NaN 
 69  0.015   NaN 
 70  0.079   NaN 
 71  0.173   NaN 
 72 -0.013   NaN 
 73 -0.022   NaN 
 74 -0.032   NaN 
 75  0.006   NaN 
 76 -0.001   NaN 
 77  0.025   NaN 
 78  0.000   NaN 
 79 -0.002   NaN 
 80 -0.022   NaN 
 81  0.004   NaN 
 82  0.006   NaN 
 83 -0.017   NaN 
 84 -0.019   NaN 
 85 -0.009   NaN 
 86 -0.023   NaN 
 87 -0.015   NaN 
 88 -0.008   NaN 
 89 -0.014   NaN 
 90  0.000   NaN 
 91  0.003   NaN 
 92  0.030   NaN 
 93  0.137   NaN 
 94  0.417   NaN 
 95  0.269   NaN 
 96  0.004   NaN 
 97  0.013   NaN 
 98  0.031   NaN 
 99  0.071   NaN 
100 -0.031   NaN 
101 -0.048   NaN 
102 -0.034   NaN 
103 -0.009   NaN 
104 -0.003   NaN 
105 -0.029   NaN 
106 -0.013   NaN 
107 -0.012   NaN 
108 -0.013   NaN 
109 -0.029   NaN 
110 -0.018   NaN 
111  0.012   NaN 
112 -0.020   NaN 
113  0.039   NaN 
114  0.100   NaN 
115  0.008   NaN 
116  0.003   NaN 
117 -0.014   NaN 
118  0.001   NaN 
119 -0.014   NaN 
120 -0.009   NaN 
121  0.011   NaN 
122  0.004   NaN 
123  0.005   NaN 
124 -0.002   NaN 
125  0.012   NaN 
126  0.036   NaN 
127  0.091   NaN 
128  0.036  0.000
129 -0.006 -0.006
130 -0.068 -0.074
131 -0.045 -0.119
132  0.000 -0.119
133  0.002 -0.117
134 -0.023 -0.140
135 -0.005 -0.145
136 -0.008 -0.153
137 -0.079 -0.232
138 -0.025 -0.257
139  0.008 -0.249
140  0.002 -0.247
141 -0.045 -0.292
142 -0.062 -0.354
143 -0.053 -0.407
144  0.015 -0.392
145  0.004 -0.388
146 -0.019 -0.407
147 -0.024 -0.431
148 -0.015 -0.446
149  0.021 -0.425
150  0.016 -0.409
151 -0.013 -0.422
152 -0.045 -0.467
153 -0.090 -0.557
154 -0.055 -0.612
155 -0.065 -0.677
156 -0.060 -0.737
157 -0.005 -0.742
158 -0.001 -0.743
159 -0.016 -0.759
160 -0.052 -0.811
161 -0.029 -0.840
162 -0.001 -0.841
163  0.000 -0.841
164 -0.002 -0.843
165 -0.001 -0.844
166  0.022 -0.822
167  0.041 -0.781
168 -0.046 -0.827
169 -0.173 -1.000
170 -0.010 -1.010
171  0.038 -0.972
172  0.006 -0.966
173 -0.010 -0.976
174 -0.003 -0.979
175 -0.003 -0.982
176  0.006 -0.976
177  0.009 -0.967
178 -0.003 -0.970
179 -0.012 -0.982
180 -0.007 -0.989
181  0.011 -0.978
182 -0.020 -0.998
183 -0.046 -1.044
184 -0.093 -1.137
185 -0.152 -1.289
186 -0.148 -1.437
187 -0.130 -1.567
188 -0.059 -1.626
189 -0.057 -1.683
190 -0.017 -1.700
191 -0.006 -1.706
192 -0.010 -1.716
193 -0.002 -1.718
194 -0.002 -1.720
195 -0.013 -1.733
196  0.036 -1.697
197  0.013 -1.684
198 -0.006 -1.690
199 -0.027 -1.717
200 -0.076 -1.793
201 -0.043 -1.836
202 -0.006 -1.842
203 -0.041 -1.883
204 -0.011 -1.894
205  0.022 -1.872
206 -0.008 -1.880
207 -0.015 -1.895
208 -0.021 -1.916
209 -0.038 -1.954
210 -0.043 -1.997
211 -0.056 -2.053
212 -0.040 -2.093
213 -0.008 -2.101
214 -0.029 -2.130
215 -0.031 -2.161
216 -0.045 -2.206
217 -0.016 -2.222
218 -0.014 -2.236
219  0.043 -2.193
220  0.089 -2.104
221  0.013 -2.091
222 -0.021 -2.112
223 -0.054 -2.166
224 -0.054 -2.220
225 -0.017 -2.237
226 -0.017 -2.254
227 -0.019 -2.273
228  0.010 -2.263
229 -0.003 -2.266
230  0.001 -2.265
231 -0.016 -2.281
232 -0.041 -2.322
233 -0.010 -2.332
234 -0.019 -2.351
235 -0.015 -2.366
236 -0.041 -2.407
237 -0.035 -2.442
238 -0.034 -2.476
239  0.027 -2.449
240  0.089 -2.360
241  0.122 -2.238
242  0.109 -2.129
243  0.037 -2.092
244 -0.005 -2.097
245 -0.024 -2.121
246 -0.035 -2.156
247 -0.015 -2.171
248 -0.032 -2.203
249 -0.060 -2.263
250 -0.008 -2.271
251 -0.006 -2.277
252 -0.031 -2.308
253 -0.053 -2.361
254 -0.017 -2.378
255 -0.013 -2.391
256 -0.007 -2.398
257 -0.029 -2.427
258 -0.032 -2.459
259 -0.022 -2.481
260 -0.018 -2.499
261 -0.013 -2.512
262 -0.075 -2.587
263 -0.070 -2.657
264 -0.026 -2.683
265 -0.035 -2.718
266 -0.033 -2.751
267 -0.023 -2.774
268  0.008 -2.766
269  0.010 -2.756
270 -0.001 -2.757
271 -0.013 -2.770
272 -0.033 -2.803
273 -0.031 -2.834
274 -0.047 -2.881
275 -0.043 -2.924
276 -0.037 -2.961
277 -0.020 -2.981
278  0.007 -2.974
279  0.060 -2.914
280 -0.001 -2.915
281 -0.007 -2.922
282 -0.017 -2.939
283 -0.014 -2.953
284  0.000 -2.953
285 -0.036 -2.989
286 -0.028 -3.017
287 -0.013 -3.030
288 -0.001 -3.031
289  0.065 -2.966
290 -0.005 -2.971
291 -0.014 -2.985
292 -0.017 -3.002
293 -0.025 -3.027
294 -0.019 -3.046
295  0.017   NaN 
296  0.010   NaN 
297  0.072   NaN 
298  0.024   NaN 
299 -0.026   NaN 
300 -0.008   NaN 
301  0.002   NaN 
302 -0.016   NaN 
303 -0.004   NaN 
304 -0.009   NaN 
305 -0.005   NaN 
306  0.000   NaN 
307 -0.001   NaN 
308  0.041   NaN 
309  0.127   NaN 
310  0.014   NaN 
311  0.003   NaN 
312  0.005   NaN 
313  0.003   NaN 
314  0.002   NaN 
315  0.028   NaN 
316  0.076   NaN 
317  0.026   NaN 
318  0.004   NaN 
319  0.000   NaN 
320  0.113   NaN 
321  0.298   NaN 
322  0.015   NaN 
323  0.138   NaN 
324  0.209   NaN 
325  0.005   NaN 
326  0.003   NaN 
327  0.006   NaN 
328  0.025   NaN 
329  0.117   NaN 
330  0.021   NaN 
331 -0.007   NaN 
332 -0.002   NaN 
333 -0.081   NaN 
334  0.003   NaN 
335  0.032   NaN 
336  0.016   NaN 
337 -0.002   NaN 
338  0.033   NaN 
339  0.161   NaN 
340  0.217   NaN 
341  0.004   NaN 
342  0.039   NaN 
343  0.009   NaN 
344  0.003   NaN 
345  0.038   NaN 
346  0.044   NaN 
347 -0.007   NaN 
348 -0.001   NaN 
349 -0.001   NaN 
350  0.000   NaN 
351 -0.002   NaN 
352  0.015   NaN 
353  0.006   NaN 
354  0.002   NaN 
355  0.018   NaN 
356  0.001   NaN 
357  0.000   NaN 
358  0.001   NaN 
359  0.000   NaN 
360  0.001   NaN 
361  0.000   NaN 
362  0.017   NaN 
363  0.003   NaN 
364  0.003   NaN 
365  0.002   NaN 
