# Spring transition day: 121 (95% confidence interval: 114 - 130 )
#
# column 1:  yearday 1992 (UTC)
# column 2:  northward windstress (Newtons/m2)
# column 3:  cumulative-from-spring-transition northward windstress
#                [ending at fall transition]      (Newtons/m2*days)
  1  0.024   NaN 
  2  0.127   NaN 
  3  0.036   NaN 
  4  0.066   NaN 
  5 -0.007   NaN 
  6 -0.010   NaN 
  7  0.003   NaN 
  8  0.001   NaN 
  9 -0.001   NaN 
 10  0.073   NaN 
 11  0.015   NaN 
 12 -0.003   NaN 
 13  0.001   NaN 
 14  0.000   NaN 
 15 -0.004   NaN 
 16  0.083   NaN 
 17  0.000   NaN 
 18  0.003   NaN 
 19  0.005   NaN 
 20  0.007   NaN 
 21  0.039   NaN 
 22  0.028   NaN 
 23  0.211   NaN 
 24  0.226   NaN 
 25  0.112   NaN 
 26  0.034   NaN 
 27  0.182   NaN 
 28  0.237   NaN 
 29  0.120   NaN 
 30  0.059   NaN 
 31  0.192   NaN 
 32  0.096   NaN 
 33  0.038   NaN 
 34  0.011   NaN 
 35 -0.005   NaN 
 36 -0.009   NaN 
 37 -0.002   NaN 
 38 -0.001   NaN 
 39  0.004   NaN 
 40  0.006   NaN 
 41  0.004   NaN 
 42  0.014   NaN 
 43  0.012   NaN 
 44  0.041   NaN 
 45  0.039   NaN 
 46  0.024   NaN 
 47  0.000   NaN 
 48  0.025   NaN 
 49  0.148   NaN 
 50  0.028   NaN 
 51  0.155   NaN 
 52  0.143   NaN 
 53  0.114   NaN 
 54  0.001   NaN 
 55 -0.005   NaN 
 56 -0.006   NaN 
 57  0.001   NaN 
 58  0.001   NaN 
 59  0.002   NaN 
 60  0.003   NaN 
 61  0.004   NaN 
 62 -0.004   NaN 
 63  0.011   NaN 
 64  0.028   NaN 
 65  0.001   NaN 
 66  0.001   NaN 
 67 -0.045   NaN 
 68 -0.038   NaN 
 69 -0.011   NaN 
 70 -0.012   NaN 
 71 -0.011   NaN 
 72 -0.018   NaN 
 73  0.000   NaN 
 74  0.001   NaN 
 75 -0.006   NaN 
 76 -0.012   NaN 
 77  0.003   NaN 
 78 -0.006   NaN 
 79 -0.017   NaN 
 80 -0.024   NaN 
 81 -0.010   NaN 
 82  0.013   NaN 
 83 -0.004   NaN 
 84 -0.017   NaN 
 85 -0.030   NaN 
 86 -0.045   NaN 
 87 -0.064   NaN 
 88 -0.040   NaN 
 89  0.013   NaN 
 90  0.005   NaN 
 91 -0.045   NaN 
 92 -0.053   NaN 
 93 -0.007   NaN 
 94  0.011   NaN 
 95  0.013   NaN 
 96  0.017   NaN 
 97  0.002   NaN 
 98 -0.012   NaN 
 99 -0.006   NaN 
100  0.046   NaN 
101 -0.003   NaN 
102  0.004   NaN 
103  0.011   NaN 
104  0.066   NaN 
105  0.084   NaN 
106  0.007   NaN 
107  0.200   NaN 
108  0.151   NaN 
109 -0.013   NaN 
110 -0.003   NaN 
111  0.004   NaN 
112  0.004   NaN 
113  0.005   NaN 
114  0.002   NaN 
115  0.008   NaN 
116  0.005   NaN 
117  0.015   NaN 
118  0.047   NaN 
119  0.009   NaN 
120  0.057   NaN 
121  0.001  0.000
122 -0.016 -0.016
123 -0.046 -0.062
124 -0.044 -0.106
125 -0.023 -0.129
126 -0.058 -0.187
127 -0.051 -0.238
128 -0.047 -0.285
129 -0.054 -0.339
130 -0.001 -0.340
131 -0.011 -0.351
132 -0.023 -0.374
133 -0.032 -0.406
134 -0.025 -0.431
135 -0.030 -0.461
136 -0.038 -0.499
137 -0.025 -0.524
138  0.009 -0.515
139  0.009 -0.506
140 -0.015 -0.521
141 -0.041 -0.562
142 -0.034 -0.596
143 -0.043 -0.639
144 -0.021 -0.660
145 -0.019 -0.679
146  0.006 -0.673
147 -0.025 -0.698
148 -0.022 -0.720
149 -0.026 -0.746
150 -0.029 -0.775
151 -0.047 -0.822
152 -0.034 -0.856
153 -0.045 -0.901
154 -0.127 -1.028
155 -0.084 -1.112
156 -0.061 -1.173
157 -0.056 -1.229
158 -0.052 -1.281
159 -0.019 -1.300
160 -0.020 -1.320
161  0.006 -1.314
162  0.004 -1.310
163  0.000 -1.310
164  0.000 -1.310
165 -0.003 -1.313
166 -0.003 -1.316
167 -0.006 -1.322
168 -0.016 -1.338
169 -0.047 -1.385
170 -0.069 -1.454
171 -0.041 -1.495
172 -0.054 -1.549
173 -0.098 -1.647
174 -0.085 -1.732
175 -0.040 -1.772
176 -0.007 -1.779
177 -0.001 -1.780
178 -0.002 -1.782
179 -0.003 -1.785
180 -0.002 -1.787
181 -0.012 -1.799
182 -0.006 -1.805
183 -0.006 -1.811
184 -0.004 -1.815
185 -0.014 -1.829
186 -0.030 -1.859
187 -0.001 -1.860
188 -0.005 -1.865
189 -0.022 -1.887
190 -0.040 -1.927
191 -0.038 -1.965
192 -0.047 -2.012
193 -0.026 -2.038
194 -0.035 -2.073
195 -0.006 -2.079
196 -0.029 -2.108
197 -0.069 -2.177
198 -0.061 -2.238
199 -0.062 -2.300
200 -0.010 -2.310
201 -0.010 -2.320
202 -0.013 -2.333
203 -0.014 -2.347
204 -0.011 -2.358
205 -0.011 -2.369
206 -0.044 -2.413
207 -0.069 -2.482
208 -0.091 -2.573
209 -0.090 -2.663
210 -0.081 -2.744
211 -0.095 -2.839
212 -0.041 -2.880
213 -0.008 -2.888
214 -0.006 -2.894
215 -0.017 -2.911
216 -0.026 -2.937
217 -0.002 -2.939
218 -0.004 -2.943
219 -0.007 -2.950
220 -0.009 -2.959
221 -0.001 -2.960
222 -0.015 -2.975
223 -0.041 -3.016
224 -0.021 -3.037
225 -0.009 -3.046
226 -0.007 -3.053
227 -0.057 -3.110
228 -0.090 -3.200
229 -0.054 -3.254
230 -0.030 -3.284
231 -0.016 -3.300
232 -0.059 -3.359
233 -0.024 -3.383
234 -0.006 -3.389
235 -0.004 -3.393
236 -0.013 -3.406
237 -0.036 -3.442
238 -0.050 -3.492
239 -0.043 -3.535
240 -0.057 -3.592
241 -0.052 -3.644
242 -0.041 -3.685
243 -0.015 -3.700
244  0.000 -3.700
245 -0.018 -3.718
246 -0.055 -3.773
247 -0.038 -3.811
248 -0.002 -3.813
249 -0.009 -3.822
250 -0.004 -3.826
251 -0.008 -3.834
252 -0.010 -3.844
253 -0.028 -3.872
254 -0.031 -3.903
255 -0.004 -3.907
256 -0.005 -3.912
257 -0.008 -3.920
258 -0.020 -3.940
259 -0.008 -3.948
260 -0.018 -3.966
261 -0.055 -4.021
262 -0.030 -4.051
263 -0.009 -4.060
264 -0.005 -4.065
265 -0.032 -4.097
266 -0.082 -4.179
267  0.065 -4.114
268  0.033 -4.081
269  0.004 -4.077
270  0.001 -4.076
271 -0.019 -4.095
272  0.005 -4.090
273  0.027 -4.063
274  0.070 -3.993
275  0.028 -3.965
276  0.005 -3.960
277 -0.001 -3.961
278 -0.024 -3.985
279 -0.068 -4.053
280 -0.031 -4.084
281 -0.002 -4.086
282  0.007 -4.079
283 -0.005 -4.084
284 -0.028 -4.112
285 -0.024 -4.136
286 -0.018 -4.154
287 -0.024 -4.178
288 -0.032 -4.210
289 -0.024 -4.234
290  0.006   NaN 
291  0.018   NaN 
292  0.051   NaN 
293  0.060   NaN 
294  0.054   NaN 
295  0.030   NaN 
296  0.022   NaN 
297  0.010   NaN 
298 -0.014   NaN 
299 -0.041   NaN 
300 -0.022   NaN 
301 -0.014   NaN 
302  0.007   NaN 
303  0.115   NaN 
304  0.077   NaN 
305  0.122   NaN 
306  0.063   NaN 
307  0.022   NaN 
308 -0.003   NaN 
309  0.002   NaN 
310  0.002   NaN 
311  0.010   NaN 
312  0.066   NaN 
313 -0.018   NaN 
314 -0.027   NaN 
315  0.003   NaN 
316 -0.001   NaN 
317  0.005   NaN 
318 -0.004   NaN 
319  0.003   NaN 
320  0.001   NaN 
321  0.007   NaN 
322  0.011   NaN 
323  0.013   NaN 
324  0.044   NaN 
325 -0.023   NaN 
326  0.183   NaN 
327  0.060   NaN 
328 -0.013   NaN 
329 -0.003   NaN 
330 -0.006   NaN 
331 -0.004   NaN 
332  0.102   NaN 
333 -0.013   NaN 
334 -0.001   NaN 
335  0.029   NaN 
336 -0.009   NaN 
337  0.000   NaN 
338 -0.008   NaN 
339  0.023   NaN 
340 -0.001   NaN 
341  0.007   NaN 
342 -0.001   NaN 
343  0.154   NaN 
344  0.030   NaN 
345  0.021   NaN 
346  0.029   NaN 
347 -0.008   NaN 
348  0.003   NaN 
349  0.004   NaN 
350 -0.035   NaN 
351  0.002   NaN 
352  0.008   NaN 
353 -0.014   NaN 
354  0.028   NaN 
355  0.122   NaN 
356  0.042   NaN 
357  0.004   NaN 
358  0.004   NaN 
359 -0.006   NaN 
360 -0.005   NaN 
361  0.037   NaN 
362  0.000   NaN 
363  0.019   NaN 
364  0.016   NaN 
365  0.007   NaN 
366  0.002   NaN 
