# Spring transition day: 162 (95% confidence interval: 151 - 169 )
#
# column 1:  yearday 1993 (UTC)
# column 2:  northward windstress (Newtons/m2)
# column 3:  cumulative-from-spring-transition northward windstress
#                [ending at fall transition]      (Newtons/m2*days)
  1  0.000   NaN 
  2  0.005   NaN 
  3  0.044   NaN 
  4  0.030   NaN 
  5  0.007   NaN 
  6 -0.002   NaN 
  7 -0.003   NaN 
  8  0.001   NaN 
  9 -0.001   NaN 
 10 -0.001   NaN 
 11 -0.001   NaN 
 12 -0.003   NaN 
 13 -0.003   NaN 
 14 -0.001   NaN 
 15  0.007   NaN 
 16 -0.002   NaN 
 17 -0.001   NaN 
 18  0.003   NaN 
 19  0.043   NaN 
 20  0.250   NaN 
 21  0.062   NaN 
 22 -0.053   NaN 
 23  0.001   NaN 
 24  0.178   NaN 
 25  0.093   NaN 
 26  0.000   NaN 
 27  0.008   NaN 
 28  0.070   NaN 
 29  0.019   NaN 
 30 -0.003   NaN 
 31  0.000   NaN 
 32  0.000   NaN 
 33  0.000   NaN 
 34 -0.003   NaN 
 35 -0.007   NaN 
 36 -0.001   NaN 
 37 -0.001   NaN 
 38 -0.002   NaN 
 39 -0.005   NaN 
 40  0.026   NaN 
 41  0.012   NaN 
 42  0.005   NaN 
 43  0.001   NaN 
 44 -0.003   NaN 
 45 -0.023   NaN 
 46 -0.047   NaN 
 47 -0.005   NaN 
 48 -0.009   NaN 
 49 -0.004   NaN 
 50 -0.006   NaN 
 51  0.013   NaN 
 52  0.038   NaN 
 53  0.000   NaN 
 54 -0.005   NaN 
 55 -0.003   NaN 
 56 -0.002   NaN 
 57 -0.010   NaN 
 58 -0.015   NaN 
 59  0.007   NaN 
 60  0.056   NaN 
 61  0.015   NaN 
 62  0.046   NaN 
 63  0.179   NaN 
 64  0.040   NaN 
 65 -0.009   NaN 
 66 -0.037   NaN 
 67 -0.039   NaN 
 68 -0.008   NaN 
 69  0.003   NaN 
 70 -0.004   NaN 
 71  0.001   NaN 
 72 -0.006   NaN 
 73  0.074   NaN 
 74  0.064   NaN 
 75  0.005   NaN 
 76  0.095   NaN 
 77  0.008   NaN 
 78  0.009   NaN 
 79  0.050   NaN 
 80 -0.005   NaN 
 81  0.087   NaN 
 82  0.103   NaN 
 83 -0.016   NaN 
 84 -0.033   NaN 
 85 -0.043   NaN 
 86 -0.021   NaN 
 87 -0.030   NaN 
 88  0.010   NaN 
 89  0.025   NaN 
 90  0.006   NaN 
 91  0.042   NaN 
 92  0.083   NaN 
 93  0.037   NaN 
 94 -0.001   NaN 
 95  0.010   NaN 
 96  0.031   NaN 
 97  0.014   NaN 
 98  0.095   NaN 
 99  0.099   NaN 
100  0.067   NaN 
101 -0.014   NaN 
102 -0.008   NaN 
103  0.015   NaN 
104  0.012   NaN 
105  0.104   NaN 
106  0.026   NaN 
107  0.041   NaN 
108  0.033   NaN 
109 -0.002   NaN 
110  0.011   NaN 
111  0.081   NaN 
112  0.052   NaN 
113  0.054   NaN 
114  0.071   NaN 
115  0.089   NaN 
116  0.085   NaN 
117  0.005   NaN 
118  0.005   NaN 
119  0.056   NaN 
120 -0.022   NaN 
121  0.010   NaN 
122  0.014   NaN 
123  0.067   NaN 
124  0.017   NaN 
125  0.009   NaN 
126  0.016   NaN 
127  0.044   NaN 
128  0.008   NaN 
129 -0.004   NaN 
130  0.003   NaN 
131 -0.043   NaN 
132 -0.016   NaN 
133  0.018   NaN 
134  0.003   NaN 
135  0.028   NaN 
136 -0.010   NaN 
137 -0.009   NaN 
138  0.011   NaN 
139  0.020   NaN 
140  0.060   NaN 
141  0.113   NaN 
142  0.001   NaN 
143 -0.027   NaN 
144  0.040   NaN 
145 -0.010   NaN 
146 -0.015   NaN 
147 -0.005   NaN 
148  0.009   NaN 
149  0.016   NaN 
150  0.011   NaN 
151  0.018   NaN 
152  0.042   NaN 
153  0.026   NaN 
154  0.003   NaN 
155  0.007   NaN 
156 -0.023   NaN 
157 -0.030   NaN 
158 -0.003   NaN 
159 -0.014   NaN 
160  0.073   NaN 
161  0.015   NaN 
162  0.004  0.000
163 -0.023 -0.023
164 -0.043 -0.066
165  0.020 -0.046
166  0.020 -0.026
167 -0.033 -0.059
168 -0.103 -0.162
169 -0.105 -0.267
170 -0.085 -0.352
171 -0.069 -0.421
172 -0.006 -0.427
173  0.025 -0.402
174 -0.004 -0.406
175 -0.032 -0.438
176 -0.063 -0.501
177 -0.038 -0.539
178  0.002 -0.537
179 -0.003 -0.540
180 -0.006 -0.546
181 -0.012 -0.558
182 -0.017 -0.575
183 -0.009 -0.584
184 -0.012 -0.596
185 -0.030 -0.626
186 -0.037 -0.663
187 -0.026 -0.689
188 -0.025 -0.714
189 -0.066 -0.780
190 -0.025 -0.805
191 -0.021 -0.826
192 -0.029 -0.855
193 -0.009 -0.864
194 -0.006 -0.870
195  0.004 -0.866
196  0.003 -0.863
197  0.007 -0.856
198  0.016 -0.840
199 -0.014 -0.854
200 -0.023 -0.877
201  0.007 -0.870
202  0.008 -0.862
203  0.136 -0.726
204  0.017 -0.709
205 -0.022 -0.731
206 -0.027 -0.758
207 -0.028 -0.786
208 -0.024 -0.810
209  0.006 -0.804
210  0.052 -0.752
211  0.025 -0.727
212 -0.021 -0.748
213 -0.077 -0.825
214 -0.132 -0.957
215 -0.031 -0.988
216  0.027 -0.961
217  0.021 -0.940
218  0.007 -0.933
219 -0.005 -0.938
220  0.011 -0.927
221  0.010 -0.917
222  0.003 -0.914
223 -0.021 -0.935
224 -0.038 -0.973
225 -0.015 -0.988
226 -0.010 -0.998
227  0.003 -0.995
228 -0.001 -0.996
229 -0.009 -1.005
230 -0.032 -1.037
231 -0.020 -1.057
232  0.002 -1.055
233  0.000 -1.055
234  0.014 -1.041
235  0.052 -0.989
236 -0.010 -0.999
237 -0.019 -1.018
238 -0.040 -1.058
239 -0.042 -1.100
240 -0.032 -1.132
241 -0.039 -1.171
242 -0.049 -1.220
243  0.003 -1.217
244  0.020 -1.197
245  0.010 -1.187
246 -0.001 -1.188
247 -0.002 -1.190
248 -0.004 -1.194
249 -0.011 -1.205
250  0.004 -1.201
251 -0.020 -1.221
252 -0.040 -1.261
253 -0.019 -1.280
254  0.008 -1.272
255 -0.012 -1.284
256 -0.031 -1.315
257 -0.021 -1.336
258  0.010 -1.326
259 -0.010 -1.336
260 -0.009 -1.345
261 -0.007 -1.352
262  0.000 -1.352
263  0.003 -1.349
264 -0.013 -1.362
265 -0.030 -1.392
266 -0.023 -1.415
267 -0.023 -1.438
268 -0.035 -1.473
269 -0.026 -1.499
270  0.014 -1.485
271 -0.013 -1.498
272 -0.031 -1.529
273 -0.039 -1.568
274 -0.015 -1.583
275  0.000 -1.583
276 -0.007 -1.590
277 -0.021 -1.611
278 -0.013 -1.624
279  0.019   NaN 
280  0.029   NaN 
281 -0.002   NaN 
282 -0.005   NaN 
283 -0.003   NaN 
284  0.001   NaN 
285  0.019   NaN 
286  0.004   NaN 
287  0.001   NaN 
288  0.023   NaN 
289  0.008   NaN 
290 -0.003   NaN 
291 -0.003   NaN 
292 -0.009   NaN 
293 -0.018   NaN 
294  0.043   NaN 
295  0.015   NaN 
296  0.020   NaN 
297  0.011   NaN 
298 -0.018   NaN 
299 -0.011   NaN 
300 -0.005   NaN 
301 -0.010   NaN 
302 -0.015   NaN 
303 -0.007   NaN 
304  0.007   NaN 
305 -0.011   NaN 
306 -0.011   NaN 
307  0.031   NaN 
308 -0.001   NaN 
309 -0.009   NaN 
310 -0.018   NaN 
311 -0.020   NaN 
312 -0.012   NaN 
313  0.002   NaN 
314  0.005   NaN 
315 -0.006   NaN 
316 -0.005   NaN 
317 -0.010   NaN 
318 -0.010   NaN 
319  0.007   NaN 
320  0.008   NaN 
321  0.001   NaN 
322  0.001   NaN 
323 -0.002   NaN 
324 -0.006   NaN 
325  0.030   NaN 
326  0.020   NaN 
327 -0.006   NaN 
328 -0.002   NaN 
329 -0.003   NaN 
330  0.005   NaN 
331 -0.006   NaN 
332 -0.003   NaN 
333  0.021   NaN 
334  0.085   NaN 
335  0.328   NaN 
336  0.016   NaN 
337  0.041   NaN 
338  0.070   NaN 
339 -0.007   NaN 
340  0.004   NaN 
341  0.061   NaN 
342  0.143   NaN 
343  0.296   NaN 
344  0.127   NaN 
345  0.005   NaN 
346  0.029   NaN 
347  0.049   NaN 
348  0.024   NaN 
349 -0.002   NaN 
350  0.000   NaN 
351 -0.001   NaN 
352 -0.003   NaN 
353 -0.004   NaN 
354 -0.009   NaN 
355 -0.012   NaN 
356 -0.005   NaN 
357 -0.010   NaN 
358 -0.005   NaN 
359  0.000   NaN 
360  0.001   NaN 
361  0.003   NaN 
362 -0.002   NaN 
363  0.001   NaN 
364  0.041   NaN 
365  0.099   NaN 
