# Spring transition day: 115 (95% confidence interval: 112 - 176 )
#
# column 1:  yearday 1994 (UTC)
# column 2:  northward windstress (Newtons/m2)
# column 3:  cumulative-from-spring-transition northward windstress
#                [ending at fall transition]      (Newtons/m2*days)
  1  0.160   NaN 
  2  0.091   NaN 
  3  0.145   NaN 
  4  0.161   NaN 
  5  0.046   NaN 
  6 -0.012   NaN 
  7  0.023   NaN 
  8  0.204   NaN 
  9  0.015   NaN 
 10  0.042   NaN 
 11  0.074   NaN 
 12  0.018   NaN 
 13  0.005   NaN 
 14  0.000   NaN 
 15  0.022   NaN 
 16 -0.008   NaN 
 17 -0.007   NaN 
 18 -0.007   NaN 
 19 -0.004   NaN 
 20  0.002   NaN 
 21  0.008   NaN 
 22  0.044   NaN 
 23  0.035   NaN 
 24  0.036   NaN 
 25 -0.002   NaN 
 26 -0.006   NaN 
 27 -0.006   NaN 
 28 -0.007   NaN 
 29 -0.003   NaN 
 30 -0.003   NaN 
 31 -0.003   NaN 
 32 -0.003   NaN 
 33 -0.005   NaN 
 34 -0.006   NaN 
 35 -0.003   NaN 
 36 -0.005   NaN 
 37 -0.008   NaN 
 38 -0.013   NaN 
 39  0.001   NaN 
 40  0.018   NaN 
 41  0.000   NaN 
 42  0.004   NaN 
 43  0.017   NaN 
 44  0.353   NaN 
 45  0.042   NaN 
 46  0.121   NaN 
 47  0.073   NaN 
 48  0.001   NaN 
 49  0.019   NaN 
 50  0.018   NaN 
 51  0.033   NaN 
 52  0.100   NaN 
 53  0.048   NaN 
 54  0.101   NaN 
 55  0.128   NaN 
 56  0.118   NaN 
 57  0.068   NaN 
 58  0.083   NaN 
 59  0.176   NaN 
 60  0.064   NaN 
 61  0.133   NaN 
 62  0.096   NaN 
 63  0.043   NaN 
 64 -0.072   NaN 
 65 -0.064   NaN 
 66 -0.018   NaN 
 67 -0.007   NaN 
 68 -0.033   NaN 
 69  0.041   NaN 
 70 -0.012   NaN 
 71 -0.008   NaN 
 72 -0.001   NaN 
 73 -0.004   NaN 
 74  0.086   NaN 
 75  0.064   NaN 
 76  0.139   NaN 
 77  0.114   NaN 
 78  0.003   NaN 
 79  0.115   NaN 
 80  0.209   NaN 
 81  0.015   NaN 
 82  0.004   NaN 
 83 -0.007   NaN 
 84 -0.019   NaN 
 85 -0.019   NaN 
 86 -0.009   NaN 
 87  0.021   NaN 
 88  0.011   NaN 
 89  0.003   NaN 
 90 -0.002   NaN 
 91 -0.007   NaN 
 92 -0.030   NaN 
 93 -0.042   NaN 
 94 -0.009   NaN 
 95  0.009   NaN 
 96  0.111   NaN 
 97  0.043   NaN 
 98  0.213   NaN 
 99  0.097   NaN 
100  0.001   NaN 
101 -0.003   NaN 
102  0.022   NaN 
103  0.005   NaN 
104 -0.002   NaN 
105 -0.028   NaN 
106 -0.019   NaN 
107  0.011   NaN 
108  0.005   NaN 
109  0.011   NaN 
110 -0.003   NaN 
111  0.021   NaN 
112  0.018   NaN 
113  0.022   NaN 
114  0.006   NaN 
115  0.030  0.000
116 -0.091 -0.091
117 -0.067 -0.158
118 -0.042 -0.200
119 -0.021 -0.221
120 -0.004 -0.225
121  0.005 -0.220
122  0.012 -0.208
123  0.026 -0.182
124  0.041 -0.141
125 -0.021 -0.162
126 -0.055 -0.217
127 -0.052 -0.269
128 -0.001 -0.270
129 -0.004 -0.274
130  0.000 -0.274
131  0.002 -0.272
132 -0.008 -0.280
133  0.005 -0.275
134  0.001 -0.274
135  0.021 -0.253
136  0.006 -0.247
137 -0.021 -0.268
138 -0.050 -0.318
139 -0.035 -0.353
140  0.015 -0.338
141  0.000 -0.338
142 -0.019 -0.357
143 -0.044 -0.401
144 -0.017 -0.418
145 -0.018 -0.436
146 -0.036 -0.472
147 -0.018 -0.490
148  0.033 -0.457
149  0.126 -0.331
150 -0.016 -0.347
151 -0.019 -0.366
152  0.008 -0.358
153 -0.015 -0.373
154  0.009 -0.364
155  0.031 -0.333
156  0.007 -0.326
157  0.051 -0.275
158  0.038 -0.237
159  0.007 -0.230
160 -0.009 -0.239
161 -0.047 -0.286
162 -0.040 -0.326
163  0.033 -0.293
164  0.110 -0.183
165  0.017 -0.166
166  0.001 -0.165
167  0.000 -0.165
168 -0.015 -0.180
169 -0.004 -0.184
170 -0.022 -0.206
171 -0.031 -0.237
172 -0.015 -0.252
173 -0.014 -0.266
174  0.014 -0.252
175 -0.002 -0.254
176 -0.011 -0.265
177 -0.001 -0.266
178 -0.042 -0.308
179 -0.084 -0.392
180 -0.032 -0.424
181 -0.053 -0.477
182  0.008 -0.469
183  0.002 -0.467
184 -0.041 -0.508
185 -0.051 -0.559
186 -0.007 -0.566
187 -0.026 -0.592
188 -0.094 -0.686
189 -0.148 -0.834
190 -0.104 -0.938
191 -0.043 -0.981
192 -0.068 -1.049
193 -0.068 -1.117
194 -0.062 -1.179
195 -0.077 -1.256
196 -0.051 -1.307
197 -0.127 -1.434
198 -0.116 -1.550
199 -0.039 -1.589
200 -0.064 -1.653
201  0.014 -1.639
202 -0.014 -1.653
203 -0.015 -1.668
204  0.011 -1.657
205  0.024 -1.633
206  0.012 -1.621
207 -0.015 -1.636
208 -0.029 -1.665
209 -0.009 -1.674
210 -0.005 -1.679
211 -0.031 -1.710
212 -0.035 -1.745
213 -0.002 -1.747
214 -0.004 -1.751
215  0.004 -1.747
216  0.006 -1.741
217  0.002 -1.739
218 -0.002 -1.741
219 -0.013 -1.754
220  0.022 -1.732
221  0.020 -1.712
222 -0.007 -1.719
223  0.005 -1.714
224 -0.004 -1.718
225 -0.004 -1.722
226 -0.001 -1.723
227 -0.003 -1.726
228 -0.005 -1.731
229 -0.003 -1.734
230 -0.001 -1.735
231  0.001 -1.734
232  0.000 -1.734
233  0.009 -1.725
234  0.008 -1.717
235 -0.028 -1.745
236 -0.049 -1.794
237 -0.022 -1.816
238 -0.025 -1.841
239 -0.012 -1.853
240  0.021 -1.832
241 -0.003 -1.835
242 -0.033 -1.868
243 -0.024 -1.892
244 -0.011 -1.903
245  0.006 -1.897
246  0.118 -1.779
247 -0.008 -1.787
248 -0.036 -1.823
249 -0.009 -1.832
250  0.005 -1.827
251  0.045 -1.782
252  0.054 -1.728
253  0.022 -1.706
254 -0.006 -1.712
255 -0.030 -1.742
256 -0.028 -1.770
257  0.010 -1.760
258 -0.011 -1.771
259 -0.035 -1.806
260  0.003 -1.803
261 -0.029 -1.832
262 -0.055 -1.887
263 -0.074 -1.961
264 -0.054 -2.015
265  0.017 -1.998
266  0.011 -1.987
267 -0.005 -1.992
268 -0.040 -2.032
269 -0.062 -2.094
270 -0.021 -2.115
271  0.018 -2.097
272  0.052 -2.045
273  0.012 -2.033
274 -0.008 -2.041
275 -0.022 -2.063
276 -0.018 -2.081
277 -0.020 -2.101
278  0.000 -2.101
279  0.002 -2.099
280 -0.010 -2.109
281 -0.012 -2.121
282  0.003 -2.118
283 -0.007 -2.125
284 -0.006 -2.131
285 -0.006 -2.137
286 -0.003 -2.140
287  0.035   NaN 
288  0.003   NaN 
289 -0.003   NaN 
290 -0.009   NaN 
291 -0.012   NaN 
292 -0.004   NaN 
293  0.039   NaN 
294  0.076   NaN 
295  0.001   NaN 
296 -0.007   NaN 
297 -0.001   NaN 
298  0.032   NaN 
299  0.344   NaN 
300  0.300   NaN 
301 -0.001   NaN 
302  0.008   NaN 
303 -0.015   NaN 
304  0.301   NaN 
305  0.054   NaN 
306  0.000   NaN 
307 -0.005   NaN 
308  0.053   NaN 
309  0.012   NaN 
310  0.003   NaN 
311  0.008   NaN 
312  0.016   NaN 
313  0.109   NaN 
314  0.002   NaN 
315 -0.010   NaN 
316 -0.020   NaN 
317  0.019   NaN 
318  0.017   NaN 
319  0.002   NaN 
320 -0.051   NaN 
321 -0.035   NaN 
322 -0.004   NaN 
323  0.041   NaN 
324  0.033   NaN 
325 -0.005   NaN 
326 -0.005   NaN 
327  0.156   NaN 
328  0.016   NaN 
329  0.063   NaN 
330  0.013   NaN 
331  0.051   NaN 
332 -0.008   NaN 
333  0.199   NaN 
334  0.400   NaN 
335  0.132   NaN 
336  0.035   NaN 
337 -0.009   NaN 
338 -0.001   NaN 
339  0.007   NaN 
340  0.016   NaN 
341  0.014   NaN 
342  0.009   NaN 
343  0.104   NaN 
344  0.045   NaN 
345  0.056   NaN 
346  0.022   NaN 
347 -0.005   NaN 
348  0.017   NaN 
349  0.116   NaN 
350  0.301   NaN 
351  0.367   NaN 
352  0.114   NaN 
353  0.193   NaN 
354  0.259   NaN 
355  0.011   NaN 
356  0.013   NaN 
357  0.003   NaN 
358  0.018   NaN 
359  0.002   NaN 
360  0.332   NaN 
361  0.319   NaN 
362  0.022   NaN 
363 -0.004   NaN 
364 -0.003   NaN 
365  0.003   NaN 
