# Spring transition day: 110 (95% confidence interval: 107 - 149 )
#
# column 1:  yearday 1995 (UTC)
# column 2:  northward windstress (Newtons/m2)
# column 3:  cumulative-from-spring-transition northward windstress
#                [ending at fall transition]      (Newtons/m2*days)
  1  0.001   NaN 
  2 -0.005   NaN 
  3 -0.003   NaN 
  4 -0.003   NaN 
  5  0.000   NaN 
  6 -0.001   NaN 
  7  0.020   NaN 
  8  0.136   NaN 
  9  0.077   NaN 
 10  0.076   NaN 
 11  0.055   NaN 
 12  0.013   NaN 
 13  0.090   NaN 
 14  0.211   NaN 
 15  0.044   NaN 
 16  0.006   NaN 
 17  0.018   NaN 
 18  0.361   NaN 
 19  0.013   NaN 
 20  0.002   NaN 
 21  0.001   NaN 
 22 -0.005   NaN 
 23  0.004   NaN 
 24 -0.001   NaN 
 25  0.005   NaN 
 26  0.036   NaN 
 27  0.015   NaN 
 28 -0.004   NaN 
 29  0.085   NaN 
 30  0.129   NaN 
 31  0.341   NaN 
 32  0.150   NaN 
 33  0.022   NaN 
 34 -0.003   NaN 
 35  0.001   NaN 
 36  0.026   NaN 
 37 -0.001   NaN 
 38 -0.021   NaN 
 39 -0.014   NaN 
 40 -0.004   NaN 
 41 -0.001   NaN 
 42 -0.009   NaN 
 43  0.000   NaN 
 44 -0.002   NaN 
 45  0.000   NaN 
 46  0.104   NaN 
 47  0.059   NaN 
 48  0.351   NaN 
 49  0.151   NaN 
 50  0.242   NaN 
 51  0.028   NaN 
 52 -0.011   NaN 
 53 -0.015   NaN 
 54  0.004   NaN 
 55  0.033   NaN 
 56 -0.005   NaN 
 57 -0.022   NaN 
 58 -0.014   NaN 
 59 -0.008   NaN 
 60 -0.009   NaN 
 61 -0.003   NaN 
 62  0.008   NaN 
 63  0.044   NaN 
 64  0.013   NaN 
 65 -0.003   NaN 
 66 -0.010   NaN 
 67  0.014   NaN 
 68  0.118   NaN 
 69  0.162   NaN 
 70  0.078   NaN 
 71  0.026   NaN 
 72  0.120   NaN 
 73  0.117   NaN 
 74  0.040   NaN 
 75 -0.003   NaN 
 76 -0.001   NaN 
 77  0.102   NaN 
 78  0.010   NaN 
 79  0.303   NaN 
 80  0.227   NaN 
 81  0.013   NaN 
 82  0.012   NaN 
 83 -0.033   NaN 
 84 -0.003   NaN 
 85 -0.021   NaN 
 86 -0.019   NaN 
 87 -0.008   NaN 
 88 -0.008   NaN 
 89  0.003   NaN 
 90  0.018   NaN 
 91  0.013   NaN 
 92 -0.012   NaN 
 93 -0.018   NaN 
 94  0.000   NaN 
 95 -0.004   NaN 
 96  0.017   NaN 
 97  0.109   NaN 
 98  0.084   NaN 
 99 -0.003   NaN 
100  0.025   NaN 
101  0.011   NaN 
102 -0.012   NaN 
103  0.007   NaN 
104 -0.015   NaN 
105  0.017   NaN 
106 -0.028   NaN 
107  0.013   NaN 
108 -0.006   NaN 
109  0.018   NaN 
110  0.026  0.000
111 -0.004 -0.004
112 -0.020 -0.024
113 -0.033 -0.057
114 -0.032 -0.089
115 -0.002 -0.091
116  0.000 -0.091
117  0.000 -0.091
118  0.027 -0.064
119  0.008 -0.056
120 -0.006 -0.062
121 -0.010 -0.072
122  0.007 -0.065
123  0.001 -0.064
124 -0.028 -0.092
125 -0.034 -0.126
126 -0.036 -0.162
127 -0.013 -0.175
128 -0.008 -0.183
129  0.006 -0.177
130  0.034 -0.143
131  0.044 -0.099
132  0.013 -0.086
133 -0.041 -0.127
134 -0.068 -0.195
135 -0.048 -0.243
136  0.004 -0.239
137 -0.042 -0.281
138 -0.051 -0.332
139 -0.070 -0.402
140 -0.031 -0.433
141 -0.015 -0.448
142 -0.003 -0.451
143 -0.022 -0.473
144 -0.026 -0.499
145 -0.024 -0.523
146 -0.013 -0.536
147 -0.002 -0.538
148 -0.038 -0.576
149 -0.049 -0.625
150 -0.053 -0.678
151 -0.099 -0.777
152 -0.070 -0.847
153 -0.056 -0.903
154 -0.003 -0.906
155  0.013 -0.893
156  0.023 -0.870
157  0.003 -0.867
158 -0.032 -0.899
159 -0.029 -0.928
160 -0.005 -0.933
161  0.027 -0.906
162  0.020 -0.886
163  0.044 -0.842
164  0.068 -0.774
165  0.010 -0.764
166  0.006 -0.758
167 -0.039 -0.797
168  0.048 -0.749
169  0.045 -0.704
170  0.040 -0.664
171 -0.017 -0.681
172 -0.036 -0.717
173 -0.040 -0.757
174 -0.048 -0.805
175 -0.052 -0.857
176 -0.066 -0.923
177 -0.109 -1.032
178 -0.068 -1.100
179 -0.043 -1.143
180 -0.020 -1.163
181  0.028 -1.135
182  0.010 -1.125
183 -0.002 -1.127
184  0.005 -1.122
185  0.005 -1.117
186 -0.016 -1.133
187 -0.011 -1.144
188 -0.001 -1.145
189 -0.006 -1.151
190  0.005 -1.146
191  0.015 -1.131
192 -0.005 -1.136
193 -0.013 -1.149
194  0.002 -1.147
195 -0.018 -1.165
196 -0.077 -1.242
197 -0.103 -1.345
198 -0.034 -1.379
199  0.033 -1.346
200  0.002 -1.344
201  0.008 -1.336
202  0.009 -1.327
203  0.025 -1.302
204  0.007 -1.295
205 -0.001 -1.296
206 -0.029 -1.325
207  0.058 -1.267
208  0.020 -1.247
209 -0.040 -1.287
210 -0.025 -1.312
211 -0.050 -1.362
212 -0.118 -1.480
213 -0.122 -1.602
214 -0.044 -1.646
215 -0.060 -1.706
216 -0.114 -1.820
217 -0.142 -1.962
218  0.045 -1.917
219  0.062 -1.855
220  0.004 -1.851
221 -0.019 -1.870
222  0.011 -1.859
223  0.015 -1.844
224 -0.009 -1.853
225 -0.031 -1.884
226 -0.022 -1.906
227  0.011 -1.895
228  0.016 -1.879
229  0.041 -1.838
230  0.004 -1.834
231 -0.005 -1.839
232 -0.025 -1.864
233  0.003 -1.861
234 -0.006 -1.867
235 -0.015 -1.882
236 -0.019 -1.901
237 -0.038 -1.939
238  0.008 -1.931
239  0.003 -1.928
240  0.001 -1.927
241  0.057 -1.870
242  0.013 -1.857
243 -0.003 -1.860
244  0.007 -1.853
245  0.018 -1.835
246  0.010 -1.825
247  0.019 -1.806
248  0.044 -1.762
249  0.010 -1.752
250 -0.017 -1.769
251 -0.036 -1.805
252 -0.039 -1.844
253 -0.012 -1.856
254 -0.020 -1.876
255 -0.037 -1.913
256 -0.049 -1.962
257 -0.018 -1.980
258  0.012 -1.968
259  0.015 -1.953
260  0.014 -1.939
261 -0.010 -1.949
262 -0.033 -1.982
263 -0.041 -2.023
264 -0.009 -2.032
265  0.013   NaN 
266  0.013   NaN 
267  0.010   NaN 
268  0.018   NaN 
269  0.025   NaN 
270  0.138   NaN 
271  0.054   NaN 
272  0.049   NaN 
273  0.037   NaN 
274 -0.010   NaN 
275  0.006   NaN 
276  0.004   NaN 
277 -0.014   NaN 
278 -0.013   NaN 
279 -0.007   NaN 
280 -0.003   NaN 
281  0.007   NaN 
282  0.003   NaN 
283  0.133   NaN 
284  0.048   NaN 
285  0.009   NaN 
286 -0.004   NaN 
287 -0.018   NaN 
288  0.035   NaN 
289  0.111   NaN 
290  0.047   NaN 
291  0.021   NaN 
292 -0.009   NaN 
293  0.008   NaN 
294  0.002   NaN 
295 -0.007   NaN 
296  0.002   NaN 
297  0.001   NaN 
298  0.048   NaN 
299  0.150   NaN 
300 -0.020   NaN 
301 -0.018   NaN 
302 -0.020   NaN 
303 -0.010   NaN 
304 -0.003   NaN 
305 -0.006   NaN 
306 -0.008   NaN 
307 -0.019   NaN 
308  0.011   NaN 
309  0.043   NaN 
310  0.044   NaN 
311  0.215   NaN 
312  0.293   NaN 
313  0.051   NaN 
314  0.059   NaN 
315  0.404   NaN 
316 -0.005   NaN 
317  0.101   NaN 
318  0.008   NaN 
319  0.044   NaN 
320  0.015   NaN 
321  0.077   NaN 
322  0.134   NaN 
323 -0.002   NaN 
324  0.001   NaN 
325  0.010   NaN 
326  0.075   NaN 
327  0.062   NaN 
328  0.201   NaN 
329  0.114   NaN 
330  0.008   NaN 
331  0.093   NaN 
332  0.128   NaN 
333  0.487   NaN 
334  0.226   NaN 
335  0.056   NaN 
336  0.069   NaN 
337  0.020   NaN 
338  0.077   NaN 
339 -0.008   NaN 
340  0.005   NaN 
341 -0.004   NaN 
342  0.005   NaN 
343  0.031   NaN 
344  0.114   NaN 
345  0.280   NaN 
346  0.177   NaN 
347  0.305   NaN 
348  0.116   NaN 
349  0.048   NaN 
350  0.008   NaN 
351  0.005   NaN 
352  0.001   NaN 
353  0.003   NaN 
354  0.000   NaN 
355 -0.001   NaN 
356 -0.005   NaN 
357 -0.004   NaN 
358 -0.002   NaN 
359 -0.004   NaN 
360 -0.004   NaN 
361 -0.007   NaN 
362  0.002   NaN 
363  0.045   NaN 
364  0.061   NaN 
365  0.042   NaN 
