# Spring transition day: 117 (95% confidence interval: 113 - 164 )
#
# column 1:  yearday 1996 (UTC)
# column 2:  northward windstress (Newtons/m2)
# column 3:  cumulative-from-spring-transition northward windstress
#                [ending at fall transition]      (Newtons/m2*days)
  1 -0.001   NaN 
  2  0.015   NaN 
  3  0.066   NaN 
  4 -0.005   NaN 
  5 -0.001   NaN 
  6  0.199   NaN 
  7  0.210   NaN 
  8  0.036   NaN 
  9  0.001   NaN 
 10  0.005   NaN 
 11 -0.001   NaN 
 12  0.004   NaN 
 13  0.013   NaN 
 14  0.046   NaN 
 15  0.303   NaN 
 16  0.035   NaN 
 17 -0.024   NaN 
 18  0.042   NaN 
 19  0.107   NaN 
 20  0.074   NaN 
 21  0.057   NaN 
 22  0.017   NaN 
 23  0.059   NaN 
 24  0.019   NaN 
 25  0.009   NaN 
 26  0.008   NaN 
 27 -0.031   NaN 
 28 -0.018   NaN 
 29 -0.011   NaN 
 30 -0.008   NaN 
 31 -0.007   NaN 
 32 -0.002   NaN 
 33  0.000   NaN 
 34  0.003   NaN 
 35 -0.019   NaN 
 36  0.202   NaN 
 37  0.400   NaN 
 38  0.240   NaN 
 39  0.436   NaN 
 40 -0.007   NaN 
 41 -0.059   NaN 
 42  0.009   NaN 
 43 -0.007   NaN 
 44  0.005   NaN 
 45 -0.011   NaN 
 46  0.003   NaN 
 47  0.004   NaN 
 48  0.021   NaN 
 49  0.143   NaN 
 50  0.072   NaN 
 51  0.247   NaN 
 52  0.055   NaN 
 53  0.040   NaN 
 54  0.199   NaN 
 55 -0.018   NaN 
 56  0.009   NaN 
 57 -0.001   NaN 
 58  0.003   NaN 
 59 -0.002   NaN 
 60  0.000   NaN 
 61 -0.002   NaN 
 62 -0.007   NaN 
 63  0.026   NaN 
 64  0.026   NaN 
 65  0.070   NaN 
 66  0.048   NaN 
 67 -0.003   NaN 
 68  0.000   NaN 
 69  0.003   NaN 
 70  0.030   NaN 
 71  0.041   NaN 
 72 -0.078   NaN 
 73 -0.051   NaN 
 74 -0.025   NaN 
 75 -0.042   NaN 
 76 -0.026   NaN 
 77 -0.024   NaN 
 78 -0.020   NaN 
 79  0.022   NaN 
 80  0.005   NaN 
 81 -0.003   NaN 
 82  0.003   NaN 
 83 -0.019   NaN 
 84 -0.010   NaN 
 85 -0.008   NaN 
 86 -0.006   NaN 
 87 -0.001   NaN 
 88  0.001   NaN 
 89  0.009   NaN 
 90  0.005   NaN 
 91  0.034   NaN 
 92  0.096   NaN 
 93  0.017   NaN 
 94  0.002   NaN 
 95  0.001   NaN 
 96  0.002   NaN 
 97  0.007   NaN 
 98  0.000   NaN 
 99  0.007   NaN 
100  0.028   NaN 
101  0.026   NaN 
102  0.088   NaN 
103  0.089   NaN 
104  0.010   NaN 
105  0.010   NaN 
106  0.039   NaN 
107  0.103   NaN 
108  0.085   NaN 
109  0.068   NaN 
110  0.051   NaN 
111  0.034   NaN 
112  0.019   NaN 
113  0.076   NaN 
114  0.483   NaN 
115  0.124   NaN 
116  0.073   NaN 
117  0.049  0.000
118 -0.026 -0.026
119 -0.018 -0.044
120 -0.036 -0.080
121 -0.067 -0.147
122 -0.031 -0.178
123 -0.048 -0.226
124 -0.001 -0.227
125 -0.023 -0.250
126 -0.065 -0.315
127 -0.056 -0.371
128 -0.032 -0.403
129 -0.009 -0.412
130 -0.015 -0.427
131 -0.007 -0.434
132 -0.011 -0.445
133 -0.003 -0.448
134  0.012 -0.436
135 -0.006 -0.442
136  0.013 -0.429
137 -0.001 -0.430
138  0.043 -0.387
139  0.192 -0.195
140  0.041 -0.154
141  0.018 -0.136
142 -0.002 -0.138
143 -0.009 -0.147
144 -0.032 -0.179
145 -0.048 -0.227
146 -0.064 -0.291
147 -0.116 -0.407
148 -0.049 -0.456
149 -0.009 -0.465
150 -0.004 -0.469
151 -0.002 -0.471
152 -0.003 -0.474
153  0.002 -0.472
154 -0.021 -0.493
155 -0.003 -0.496
156 -0.005 -0.501
157 -0.043 -0.544
158 -0.026 -0.570
159 -0.013 -0.583
160 -0.010 -0.593
161  0.009 -0.584
162  0.003 -0.581
163 -0.030 -0.611
164 -0.056 -0.667
165 -0.052 -0.719
166 -0.079 -0.798
167 -0.113 -0.911
168 -0.089 -1.000
169 -0.007 -1.007
170  0.021 -0.986
171 -0.053 -1.039
172 -0.092 -1.131
173 -0.005 -1.136
174 -0.011 -1.147
175  0.060 -1.087
176  0.113 -0.974
177  0.031 -0.943
178 -0.017 -0.960
179  0.005 -0.955
180  0.013 -0.942
181 -0.021 -0.963
182 -0.037 -1.000
183 -0.024 -1.024
184 -0.048 -1.072
185  0.011 -1.061
186  0.010 -1.051
187 -0.066 -1.117
188 -0.108 -1.225
189 -0.076 -1.301
190 -0.026 -1.327
191 -0.042 -1.369
192 -0.107 -1.476
193 -0.087 -1.563
194 -0.038 -1.601
195 -0.040 -1.641
196 -0.002 -1.643
197  0.010 -1.633
198 -0.007 -1.640
199 -0.004 -1.644
200  0.090 -1.554
201  0.053 -1.501
202 -0.005 -1.506
203 -0.051 -1.557
204 -0.078 -1.635
205 -0.020 -1.655
206 -0.009 -1.664
207 -0.021 -1.685
208 -0.032 -1.717
209 -0.012 -1.729
210  0.005 -1.724
211 -0.021 -1.745
212 -0.090 -1.835
213 -0.063 -1.898
214 -0.050 -1.948
215  0.040 -1.908
216  0.012 -1.896
217  0.002 -1.894
218  0.010 -1.884
219 -0.025 -1.909
220 -0.045 -1.954
221 -0.032 -1.986
222 -0.054 -2.040
223 -0.042 -2.082
224  0.021 -2.061
225 -0.026 -2.087
226 -0.049 -2.136
227 -0.006 -2.142
228 -0.048 -2.190
229 -0.028 -2.218
230 -0.023 -2.241
231 -0.022 -2.263
232 -0.034 -2.297
233  0.006 -2.291
234 -0.012 -2.303
235 -0.036 -2.339
236 -0.058 -2.397
237 -0.055 -2.452
238  0.006 -2.446
239  0.021 -2.425
240  0.017 -2.408
241  0.005 -2.403
242  0.003 -2.400
243  0.030 -2.370
244 -0.011 -2.381
245 -0.093 -2.474
246 -0.099 -2.573
247 -0.003 -2.576
248  0.012 -2.564
249  0.005 -2.559
250  0.002 -2.557
251  0.001 -2.556
252 -0.008 -2.564
253 -0.047 -2.611
254 -0.032 -2.643
255  0.005 -2.638
256  0.026 -2.612
257  0.038 -2.574
258  0.124 -2.450
259  0.087 -2.363
260  0.038 -2.325
261  0.004 -2.321
262 -0.001 -2.322
263  0.001 -2.321
264 -0.007 -2.328
265 -0.002 -2.330
266 -0.023 -2.353
267 -0.030 -2.383
268 -0.007 -2.390
269 -0.026 -2.416
270 -0.035 -2.451
271 -0.030 -2.481
272 -0.056 -2.537
273 -0.053 -2.590
274 -0.060 -2.650
275 -0.042 -2.692
276  0.019   NaN 
277  0.019   NaN 
278  0.016   NaN 
279  0.007   NaN 
280 -0.010   NaN 
281 -0.024   NaN 
282 -0.021   NaN 
283  0.002   NaN 
284  0.055   NaN 
285  0.021   NaN 
286  0.013   NaN 
287  0.100   NaN 
288  0.079   NaN 
289  0.064   NaN 
290 -0.004   NaN 
291  0.042   NaN 
292  0.139   NaN 
293 -0.007   NaN 
294  0.005   NaN 
295  0.018   NaN 
296  0.106   NaN 
297  0.011   NaN 
298  0.111   NaN 
299  0.004   NaN 
300 -0.009   NaN 
301 -0.013   NaN 
302 -0.001   NaN 
303 -0.002   NaN 
304 -0.009   NaN 
305 -0.009   NaN 
306 -0.009   NaN 
307 -0.009   NaN 
308  0.006   NaN 
309  0.016   NaN 
310  0.001   NaN 
311  0.060   NaN 
312  0.010   NaN 
313  0.006   NaN 
314 -0.007   NaN 
315 -0.004   NaN 
316  0.013   NaN 
317  0.055   NaN 
318  0.055   NaN 
319  0.013   NaN 
320 -0.002   NaN 
321  0.036   NaN 
322  0.036   NaN 
323 -0.015   NaN 
324  0.331   NaN 
325  0.013   NaN 
326  0.007   NaN 
327 -0.011   NaN 
328 -0.011   NaN 
329  0.126   NaN 
330  0.030   NaN 
331 -0.006   NaN 
332  0.090   NaN 
333  0.107   NaN 
334 -0.003   NaN 
335  0.120   NaN 
336  0.022   NaN 
337  0.098   NaN 
338  0.016   NaN 
339  0.117   NaN 
340  0.104   NaN 
341  0.034   NaN 
342  0.047   NaN 
343  0.048   NaN 
344  0.001   NaN 
345  0.103   NaN 
346  0.051   NaN 
347  0.017   NaN 
348  0.036   NaN 
349 -0.008   NaN 
350  0.002   NaN 
351 -0.005   NaN 
352 -0.013   NaN 
353  0.000   NaN 
354  0.013   NaN 
355  0.025   NaN 
356  0.033   NaN 
357  0.031   NaN 
358  0.029   NaN 
359  0.054   NaN 
360  0.021   NaN 
361  0.027   NaN 
362  0.009   NaN 
363  0.000   NaN 
364  0.219   NaN 
365  0.134   NaN 
366  0.139   NaN 
