# Spring transition day: 126 (95% confidence interval: 122 - 169 )
#
# column 1:  yearday 1997 (UTC)
# column 2:  northward windstress (Newtons/m2)
# column 3:  cumulative-from-spring-transition northward windstress
#                [ending at fall transition]      (Newtons/m2*days)
  1  0.296   NaN 
  2  0.127   NaN 
  3  0.008   NaN 
  4  0.013   NaN 
  5  0.003   NaN 
  6  0.044   NaN 
  7  0.004   NaN 
  8  0.007   NaN 
  9  0.029   NaN 
 10  0.044   NaN 
 11 -0.006   NaN 
 12 -0.005   NaN 
 13 -0.002   NaN 
 14  0.000   NaN 
 15 -0.001   NaN 
 16 -0.002   NaN 
 17  0.031   NaN 
 18  0.074   NaN 
 19  0.044   NaN 
 20  0.045   NaN 
 21  0.066   NaN 
 22 -0.002   NaN 
 23  0.003   NaN 
 24 -0.001   NaN 
 25  0.000   NaN 
 26 -0.003   NaN 
 27 -0.001   NaN 
 28  0.056   NaN 
 29  0.010   NaN 
 30  0.128   NaN 
 31  0.127   NaN 
 32  0.066   NaN 
 33 -0.004   NaN 
 34 -0.002   NaN 
 35  0.000   NaN 
 36  0.002   NaN 
 37 -0.002   NaN 
 38 -0.001   NaN 
 39 -0.004   NaN 
 40 -0.002   NaN 
 41 -0.008   NaN 
 42  0.009   NaN 
 43  0.019   NaN 
 44  0.006   NaN 
 45  0.072   NaN 
 46  0.003   NaN 
 47  0.026   NaN 
 48  0.066   NaN 
 49  0.024   NaN 
 50  0.114   NaN 
 51  0.000   NaN 
 52 -0.004   NaN 
 53 -0.013   NaN 
 54 -0.010   NaN 
 55 -0.006   NaN 
 56 -0.010   NaN 
 57 -0.028   NaN 
 58 -0.030   NaN 
 59 -0.046   NaN 
 60  0.215   NaN 
 61  0.097   NaN 
 62  0.002   NaN 
 63  0.006   NaN 
 64  0.011   NaN 
 65  0.101   NaN 
 66  0.086   NaN 
 67 -0.018   NaN 
 68  0.147   NaN 
 69  0.014   NaN 
 70  0.019   NaN 
 71  0.036   NaN 
 72  0.011   NaN 
 73 -0.011   NaN 
 74  0.170   NaN 
 75  0.153   NaN 
 76  0.161   NaN 
 77  0.108   NaN 
 78  0.171   NaN 
 79  0.050   NaN 
 80 -0.013   NaN 
 81 -0.014   NaN 
 82 -0.001   NaN 
 83  0.003   NaN 
 84 -0.009   NaN 
 85  0.014   NaN 
 86  0.022   NaN 
 87  0.014   NaN 
 88 -0.014   NaN 
 89  0.082   NaN 
 90  0.046   NaN 
 91 -0.026   NaN 
 92 -0.040   NaN 
 93 -0.064   NaN 
 94 -0.043   NaN 
 95 -0.025   NaN 
 96  0.017   NaN 
 97  0.033   NaN 
 98  0.004   NaN 
 99 -0.002   NaN 
100 -0.029   NaN 
101 -0.018   NaN 
102  0.002   NaN 
103  0.087   NaN 
104  0.072   NaN 
105  0.031   NaN 
106  0.065   NaN 
107  0.000   NaN 
108 -0.026   NaN 
109  0.190   NaN 
110  0.236   NaN 
111 -0.020   NaN 
112  0.050   NaN 
113  0.076   NaN 
114  0.003   NaN 
115 -0.007   NaN 
116 -0.001   NaN 
117  0.006   NaN 
118  0.047   NaN 
119  0.034   NaN 
120  0.034   NaN 
121  0.001   NaN 
122  0.007   NaN 
123  0.083   NaN 
124  0.073   NaN 
125  0.041   NaN 
126  0.045  0.000
127 -0.021 -0.021
128 -0.022 -0.043
129 -0.046 -0.089
130 -0.075 -0.164
131 -0.014 -0.178
132  0.045 -0.133
133  0.005 -0.128
134  0.003 -0.125
135  0.002 -0.123
136 -0.017 -0.140
137 -0.071 -0.211
138 -0.051 -0.262
139 -0.027 -0.289
140 -0.011 -0.300
141  0.007 -0.293
142  0.000 -0.293
143  0.006 -0.287
144 -0.001 -0.288
145 -0.009 -0.297
146 -0.008 -0.305
147  0.045 -0.260
148  0.009 -0.251
149  0.025 -0.226
150  0.010 -0.216
151  0.041 -0.175
152  0.037 -0.138
153  0.008 -0.130
154  0.019 -0.111
155  0.036 -0.075
156 -0.008 -0.083
157 -0.013 -0.096
158 -0.065 -0.161
159 -0.080 -0.241
160 -0.120 -0.361
161 -0.014 -0.375
162  0.012 -0.363
163  0.008 -0.355
164 -0.017 -0.372
165 -0.050 -0.422
166 -0.026 -0.448
167 -0.011 -0.459
168  0.032 -0.427
169  0.012 -0.415
170 -0.022 -0.437
171 -0.010 -0.447
172  0.008 -0.439
173  0.028 -0.411
174  0.006 -0.405
175 -0.023 -0.428
176 -0.021 -0.449
177  0.014 -0.435
178  0.004 -0.431
179 -0.003 -0.434
180 -0.009 -0.443
181 -0.022 -0.465
182 -0.002 -0.467
183 -0.025 -0.492
184 -0.037 -0.529
185 -0.017 -0.546
186  0.009 -0.537
187  0.011 -0.526
188 -0.009 -0.535
189  0.019 -0.516
190  0.025 -0.491
191 -0.007 -0.498
192 -0.018 -0.516
193 -0.062 -0.578
194 -0.040 -0.618
195 -0.044 -0.662
196 -0.020 -0.682
197 -0.040 -0.722
198 -0.009 -0.731
199 -0.021 -0.752
200 -0.065 -0.817
201 -0.058 -0.875
202 -0.005 -0.880
203 -0.022 -0.902
204 -0.055 -0.957
205 -0.073 -1.030
206 -0.092 -1.122
207 -0.101 -1.223
208 -0.105 -1.328
209 -0.044 -1.372
210 -0.007 -1.379
211 -0.007 -1.386
212 -0.009 -1.395
213 -0.007 -1.402
214 -0.002 -1.404
215  0.001 -1.403
216  0.000 -1.403
217 -0.022 -1.425
218 -0.052 -1.477
219 -0.067 -1.544
220 -0.076 -1.620
221 -0.038 -1.658
222 -0.012 -1.670
223  0.009 -1.661
224 -0.035 -1.696
225 -0.038 -1.734
226 -0.002 -1.736
227 -0.002 -1.738
228 -0.002 -1.740
229  0.015   NaN 
230  0.014   NaN 
231 -0.017   NaN 
232  0.004   NaN 
233  0.020   NaN 
234  0.005   NaN 
235  0.005   NaN 
236  0.065   NaN 
237  0.037   NaN 
238  0.045   NaN 
239  0.060   NaN 
240  0.037   NaN 
241  0.046   NaN 
242 -0.002   NaN 
243  0.005   NaN 
244  0.003   NaN 
245 -0.010   NaN 
246 -0.043   NaN 
247 -0.007   NaN 
248 -0.011   NaN 
249 -0.017   NaN 
250 -0.017   NaN 
251 -0.009   NaN 
252  0.006   NaN 
253  0.020   NaN 
254  0.001   NaN 
255  0.006   NaN 
256 -0.005   NaN 
257  0.090   NaN 
258  0.094   NaN 
259  0.131   NaN 
260  0.214   NaN 
261  0.038   NaN 
262 -0.011   NaN 
263 -0.018   NaN 
264 -0.007   NaN 
265  0.002   NaN 
266 -0.025   NaN 
267 -0.013   NaN 
268  0.006   NaN 
269  0.062   NaN 
270  0.027   NaN 
271 -0.003   NaN 
272 -0.011   NaN 
273  0.061   NaN 
274  0.115   NaN 
275  0.128   NaN 
276  0.177   NaN 
277  0.190   NaN 
278  0.031   NaN 
279 -0.038   NaN 
280 -0.045   NaN 
281  0.099   NaN 
282  0.243   NaN 
283  0.086   NaN 
284 -0.001   NaN 
285  0.005   NaN 
286 -0.004   NaN 
287 -0.015   NaN 
288 -0.019   NaN 
289 -0.017   NaN 
290 -0.035   NaN 
291 -0.045   NaN 
292 -0.025   NaN 
293 -0.016   NaN 
294 -0.013   NaN 
295 -0.012   NaN 
296 -0.016   NaN 
297 -0.005   NaN 
298 -0.009   NaN 
299 -0.005   NaN 
300  0.001   NaN 
301  0.025   NaN 
302  0.292   NaN 
303  0.339   NaN 
304  0.080   NaN 
305  0.014   NaN 
306 -0.006   NaN 
307  0.029   NaN 
308  0.035   NaN 
309  0.007   NaN 
310  0.009   NaN 
311 -0.036   NaN 
312  0.007   NaN 
313 -0.002   NaN 
314  0.001   NaN 
315  0.000   NaN 
316  0.001   NaN 
317  0.000   NaN 
318  0.004   NaN 
319  0.008   NaN 
320  0.013   NaN 
321  0.071   NaN 
322 -0.015   NaN 
323  0.337   NaN 
324  0.209   NaN 
325  0.003   NaN 
326 -0.010   NaN 
327  0.169   NaN 
328  0.078   NaN 
329  0.015   NaN 
330 -0.002   NaN 
331  0.021   NaN 
332  0.155   NaN 
333  0.037   NaN 
334  0.021   NaN 
335  0.006   NaN 
336 -0.002   NaN 
337  0.001   NaN 
338 -0.002   NaN 
339 -0.002   NaN 
340 -0.002   NaN 
341 -0.002   NaN 
342 -0.004   NaN 
343 -0.001   NaN 
344  0.009   NaN 
345  0.011   NaN 
346 -0.007   NaN 
347 -0.006   NaN 
348  0.027   NaN 
349  0.029   NaN 
350  0.525   NaN 
351  0.069   NaN 
352  0.001   NaN 
353  0.004   NaN 
354  0.006   NaN 
355 -0.011   NaN 
356 -0.001   NaN 
357 -0.001   NaN 
358 -0.001   NaN 
359 -0.002   NaN 
360  0.000   NaN 
361  0.015   NaN 
362  0.011   NaN 
363  0.006   NaN 
364 -0.005   NaN 
365  0.004   NaN 
