# Spring transition day: 83 (95% confidence interval: 82 - 137 )
#
# column 1:  yearday 1998 (UTC)
# column 2:  northward windstress (Newtons/m2)
# column 3:  cumulative-from-spring-transition northward windstress
#                [ending at fall transition]      (Newtons/m2*days)
  1  0.194   NaN 
  2  0.001   NaN 
  3  0.005   NaN 
  4  0.025   NaN 
  5  0.109   NaN 
  6  0.088   NaN 
  7  0.022   NaN 
  8 -0.006   NaN 
  9  0.001   NaN 
 10 -0.002   NaN 
 11  0.062   NaN 
 12  0.018   NaN 
 13  0.085   NaN 
 14  0.213   NaN 
 15  0.052   NaN 
 16  0.036   NaN 
 17  0.161   NaN 
 18  0.029   NaN 
 19  0.080   NaN 
 20  0.027   NaN 
 21  0.076   NaN 
 22  0.051   NaN 
 23  0.331   NaN 
 24  0.211   NaN 
 25  0.165   NaN 
 26  0.089   NaN 
 27  0.036   NaN 
 28  0.195   NaN 
 29  0.121   NaN 
 30  0.065   NaN 
 31  0.080   NaN 
 32  0.121   NaN 
 33  0.050   NaN 
 34 -0.020   NaN 
 35  0.027   NaN 
 36  0.094   NaN 
 37  0.161   NaN 
 38  0.184   NaN 
 39  0.054   NaN 
 40  0.031   NaN 
 41  0.216   NaN 
 42  0.084   NaN 
 43  0.298   NaN 
 44  0.071   NaN 
 45  0.102   NaN 
 46  0.033   NaN 
 47  0.122   NaN 
 48  0.045   NaN 
 49  0.224   NaN 
 50  0.066   NaN 
 51  0.180   NaN 
 52  0.127   NaN 
 53  0.044   NaN 
 54 -0.012   NaN 
 55 -0.054   NaN 
 56 -0.010   NaN 
 57  0.003   NaN 
 58 -0.004   NaN 
 59  0.056   NaN 
 60  0.074   NaN 
 61  0.016   NaN 
 62  0.002   NaN 
 63 -0.010   NaN 
 64 -0.005   NaN 
 65 -0.021   NaN 
 66 -0.001   NaN 
 67  0.026   NaN 
 68  0.060   NaN 
 69  0.025   NaN 
 70  0.011   NaN 
 71  0.022   NaN 
 72  0.002   NaN 
 73 -0.008   NaN 
 74  0.003   NaN 
 75 -0.034   NaN 
 76 -0.031   NaN 
 77 -0.026   NaN 
 78 -0.013   NaN 
 79  0.004   NaN 
 80  0.010   NaN 
 81  0.081   NaN 
 82  0.073   NaN 
 83  0.085  0.000
 84 -0.010 -0.010
 85  0.003 -0.007
 86 -0.007 -0.014
 87 -0.024 -0.038
 88 -0.055 -0.093
 89 -0.018 -0.111
 90 -0.017 -0.128
 91 -0.058 -0.186
 92 -0.015 -0.201
 93 -0.001 -0.202
 94 -0.009 -0.211
 95 -0.009 -0.220
 96  0.015 -0.205
 97  0.004 -0.201
 98 -0.003 -0.204
 99  0.010 -0.194
100  0.022 -0.172
101  0.014 -0.158
102  0.020 -0.138
103  0.018 -0.120
104  0.008 -0.112
105 -0.006 -0.118
106 -0.007 -0.125
107 -0.010 -0.135
108  0.016 -0.119
109 -0.006 -0.125
110 -0.028 -0.153
111 -0.020 -0.173
112 -0.069 -0.242
113 -0.059 -0.301
114 -0.011 -0.312
115 -0.003 -0.315
116 -0.021 -0.336
117 -0.050 -0.386
118 -0.045 -0.431
119 -0.025 -0.456
120  0.005 -0.451
121  0.003 -0.448
122 -0.002 -0.450
123 -0.027 -0.477
124 -0.036 -0.513
125  0.000 -0.513
126 -0.002 -0.515
127 -0.027 -0.542
128 -0.036 -0.578
129  0.001 -0.577
130 -0.013 -0.590
131  0.001 -0.589
132 -0.024 -0.613
133 -0.020 -0.633
134  0.060 -0.573
135  0.019 -0.554
136  0.004 -0.550
137  0.007 -0.543
138 -0.012 -0.555
139 -0.026 -0.581
140 -0.045 -0.626
141 -0.006 -0.632
142  0.009 -0.623
143  0.030 -0.593
144  0.044 -0.549
145  0.015 -0.534
146  0.001 -0.533
147 -0.012 -0.545
148 -0.026 -0.571
149  0.098 -0.473
150  0.030 -0.443
151 -0.069 -0.512
152 -0.090 -0.602
153 -0.008 -0.610
154  0.000 -0.610
155 -0.004 -0.614
156 -0.025 -0.639
157 -0.051 -0.690
158 -0.048 -0.738
159  0.002 -0.736
160 -0.011 -0.747
161 -0.005 -0.752
162 -0.022 -0.774
163 -0.046 -0.820
164 -0.017 -0.837
165 -0.006 -0.843
166 -0.012 -0.855
167 -0.022 -0.877
168 -0.022 -0.899
169 -0.011 -0.910
170 -0.010 -0.920
171 -0.049 -0.969
172 -0.052 -1.021
173  0.000 -1.021
174 -0.001 -1.022
175  0.039 -0.983
176  0.037 -0.946
177  0.023 -0.923
178 -0.030 -0.953
179 -0.061 -1.014
180 -0.016 -1.030
181 -0.016 -1.046
182  0.003 -1.043
183 -0.014 -1.057
184 -0.004 -1.061
185 -0.001 -1.062
186 -0.016 -1.078
187 -0.027 -1.105
188 -0.079 -1.184
189 -0.055 -1.239
190 -0.038 -1.277
191  0.004 -1.273
192  0.006 -1.267
193  0.004 -1.263
194 -0.003 -1.266
195  0.033 -1.233
196  0.053 -1.180
197 -0.006 -1.186
198 -0.016 -1.202
199  0.002 -1.200
200 -0.007 -1.207
201 -0.066 -1.273
202 -0.106 -1.379
203 -0.011 -1.390
204 -0.028 -1.418
205 -0.044 -1.462
206 -0.066 -1.528
207 -0.048 -1.576
208 -0.003 -1.579
209  0.011 -1.568
210  0.042 -1.526
211  0.017 -1.509
212  0.017 -1.492
213 -0.019 -1.511
214 -0.049 -1.560
215 -0.042 -1.602
216 -0.039 -1.641
217 -0.023 -1.664
218 -0.033 -1.697
219 -0.056 -1.753
220 -0.030 -1.783
221 -0.006 -1.789
222 -0.003 -1.792
223 -0.023 -1.815
224 -0.063 -1.878
225 -0.093 -1.971
226 -0.088 -2.059
227 -0.017 -2.076
228 -0.003 -2.079
229 -0.009 -2.088
230 -0.017 -2.105
231 -0.018 -2.123
232 -0.002 -2.125
233  0.004 -2.121
234 -0.012 -2.133
235 -0.001 -2.134
236 -0.013 -2.147
237 -0.053 -2.200
238 -0.024 -2.224
239 -0.064 -2.288
240 -0.037 -2.325
241 -0.004 -2.329
242 -0.075 -2.404
243 -0.077 -2.481
244 -0.057 -2.538
245 -0.051 -2.589
246 -0.050 -2.639
247 -0.055 -2.694
248 -0.022 -2.716
249 -0.005 -2.721
250 -0.011 -2.732
251 -0.033 -2.765
252 -0.019 -2.784
253 -0.002 -2.786
254 -0.024 -2.810
255 -0.088 -2.898
256 -0.043 -2.941
257 -0.068 -3.009
258 -0.019 -3.028
259  0.028   NaN 
260  0.011   NaN 
261  0.179   NaN 
262  0.038   NaN 
263 -0.009   NaN 
264 -0.028   NaN 
265 -0.029   NaN 
266 -0.005   NaN 
267 -0.007   NaN 
268  0.001   NaN 
269 -0.006   NaN 
270 -0.022   NaN 
271 -0.025   NaN 
272 -0.037   NaN 
273 -0.025   NaN 
274  0.041   NaN 
275  0.061   NaN 
276  0.061   NaN 
277  0.035   NaN 
278 -0.003   NaN 
279 -0.010   NaN 
280  0.031   NaN 
281  0.146   NaN 
282  0.098   NaN 
283  0.011   NaN 
284  0.009   NaN 
285  0.020   NaN 
286  0.071   NaN 
287  0.021   NaN 
288 -0.002   NaN 
289 -0.004   NaN 
290 -0.002   NaN 
291 -0.028   NaN 
292 -0.019   NaN 
293 -0.004   NaN 
294 -0.007   NaN 
295  0.011   NaN 
296  0.017   NaN 
297  0.043   NaN 
298  0.061   NaN 
299 -0.013   NaN 
300  0.005   NaN 
301  0.005   NaN 
302  0.000   NaN 
303 -0.002   NaN 
304  0.013   NaN 
305  0.027   NaN 
306  0.022   NaN 
307  0.005   NaN 
308  0.048   NaN 
309  0.007   NaN 
310  0.017   NaN 
311  0.000   NaN 
312  0.003   NaN 
313  0.007   NaN 
314  0.013   NaN 
315  0.001   NaN 
316  0.007   NaN 
317  0.181   NaN 
318  0.083   NaN 
319  0.239   NaN 
320  0.037   NaN 
321  0.000   NaN 
322  0.021   NaN 
323  0.019   NaN 
324  0.430   NaN 
325  0.252   NaN 
326  0.102   NaN 
327  0.108   NaN 
328  0.194   NaN 
329  0.553   NaN 
330  0.182   NaN 
331  0.021   NaN 
332  0.000   NaN 
333  0.074   NaN 
334  0.016   NaN 
335  0.177   NaN 
336  0.292   NaN 
337 -0.006   NaN 
338  0.007   NaN 
339  0.015   NaN 
340 -0.013   NaN 
341  0.093   NaN 
342  0.054   NaN 
343 -0.002   NaN 
344  0.016   NaN 
345  0.193   NaN 
346  0.248   NaN 
347  0.175   NaN 
348 -0.031   NaN 
349  0.001   NaN 
350 -0.006   NaN 
351 -0.030   NaN 
352 -0.073   NaN 
353 -0.003   NaN 
354 -0.018   NaN 
355 -0.003   NaN 
356 -0.002   NaN 
357  0.004   NaN 
358  0.123   NaN 
359  0.576   NaN 
360  0.162   NaN 
361  0.263   NaN 
362  0.489   NaN 
363  0.336   NaN 
364  0.142   NaN 
365  0.018   NaN 
