# Spring transition day: 89 (95% confidence interval: 89 - 168 )
#
# column 1:  yearday 1999 (UTC)
# column 2:  northward windstress (Newtons/m2)
# column 3:  cumulative-from-spring-transition northward windstress
#                [ending at fall transition]      (Newtons/m2*days)
  1 -0.001   NaN 
  2  0.001   NaN 
  3  0.002   NaN 
  4 -0.001   NaN 
  5 -0.001   NaN 
  6  0.031   NaN 
  7  0.017   NaN 
  8 -0.004   NaN 
  9  0.002   NaN 
 10 -0.009   NaN 
 11  0.074   NaN 
 12  0.036   NaN 
 13  0.010   NaN 
 14  0.159   NaN 
 15  0.075   NaN 
 16  0.102   NaN 
 17  0.106   NaN 
 18  0.411   NaN 
 19  0.155   NaN 
 20  0.180   NaN 
 21  0.081   NaN 
 22  0.033   NaN 
 23  0.022   NaN 
 24  0.012   NaN 
 25  0.001   NaN 
 26 -0.009   NaN 
 27  0.034   NaN 
 28  0.341   NaN 
 29  0.468   NaN 
 30  0.120   NaN 
 31  0.004   NaN 
 32  0.005   NaN 
 33  0.389   NaN 
 34  0.074   NaN 
 35  0.173   NaN 
 36  0.135   NaN 
 37  0.539   NaN 
 38  0.248   NaN 
 39  0.086   NaN 
 40  0.021   NaN 
 41  0.025   NaN 
 42  0.030   NaN 
 43  0.022   NaN 
 44  0.072   NaN 
 45  0.002   NaN 
 46  0.009   NaN 
 47  0.147   NaN 
 48  0.049   NaN 
 49  0.113   NaN 
 50  0.137   NaN 
 51  0.000   NaN 
 52  0.202   NaN 
 53  0.421   NaN 
 54  0.241   NaN 
 55  0.565   NaN 
 56  0.105   NaN 
 57  0.005   NaN 
 58  0.246   NaN 
 59  0.202   NaN 
 60  0.107   NaN 
 61  0.023   NaN 
 62  0.437   NaN 
 63  0.006   NaN 
 64  0.005   NaN 
 65 -0.002   NaN 
 66  0.006   NaN 
 67  0.051   NaN 
 68  0.037   NaN 
 69  0.041   NaN 
 70 -0.006   NaN 
 71  0.034   NaN 
 72  0.138   NaN 
 73  0.039   NaN 
 74 -0.007   NaN 
 75 -0.016   NaN 
 76  0.025   NaN 
 77  0.013   NaN 
 78 -0.007   NaN 
 79  0.051   NaN 
 80  0.055   NaN 
 81  0.046   NaN 
 82  0.043   NaN 
 83  0.068   NaN 
 84  0.012   NaN 
 85  0.061   NaN 
 86  0.023   NaN 
 87  0.115   NaN 
 88  0.356   NaN 
 89  0.023  0.000
 90 -0.037 -0.037
 91 -0.038 -0.075
 92 -0.037 -0.112
 93 -0.094 -0.206
 94 -0.065 -0.271
 95  0.012 -0.259
 96 -0.056 -0.315
 97 -0.001 -0.316
 98  0.008 -0.308
 99  0.011 -0.297
100  0.052 -0.245
101 -0.010 -0.255
102 -0.003 -0.258
103 -0.055 -0.313
104 -0.053 -0.366
105 -0.003 -0.369
106  0.000 -0.369
107  0.019 -0.350
108 -0.027 -0.377
109  0.016 -0.361
110  0.014 -0.347
111 -0.013 -0.360
112 -0.064 -0.424
113 -0.075 -0.499
114 -0.067 -0.566
115 -0.023 -0.589
116  0.001 -0.588
117  0.022 -0.566
118 -0.013 -0.579
119 -0.077 -0.656
120 -0.032 -0.688
121  0.019 -0.669
122  0.070 -0.599
123  0.014 -0.585
124  0.000 -0.585
125 -0.004 -0.589
126  0.022 -0.567
127  0.039 -0.528
128 -0.001 -0.529
129 -0.007 -0.536
130 -0.002 -0.538
131  0.030 -0.508
132 -0.008 -0.516
133 -0.003 -0.519
134  0.002 -0.517
135 -0.005 -0.522
136 -0.002 -0.524
137  0.123 -0.401
138  0.063 -0.338
139 -0.039 -0.377
140 -0.030 -0.407
141 -0.011 -0.418
142 -0.046 -0.464
143 -0.057 -0.521
144  0.062 -0.459
145 -0.063 -0.522
146 -0.085 -0.607
147 -0.031 -0.638
148 -0.092 -0.730
149 -0.104 -0.834
150 -0.062 -0.896
151 -0.036 -0.932
152 -0.004 -0.936
153 -0.008 -0.944
154 -0.022 -0.966
155  0.006 -0.960
156  0.016 -0.944
157  0.002 -0.942
158  0.023 -0.919
159  0.019 -0.900
160 -0.016 -0.916
161 -0.023 -0.939
162 -0.002 -0.941
163  0.015 -0.926
164  0.021 -0.905
165 -0.007 -0.912
166 -0.005 -0.917
167 -0.003 -0.920
168 -0.016 -0.936
169 -0.001 -0.937
170 -0.019 -0.956
171 -0.017 -0.973
172  0.000 -0.973
173 -0.012 -0.985
174 -0.023 -1.008
175 -0.008 -1.016
176 -0.004 -1.020
177 -0.011 -1.031
178 -0.035 -1.066
179 -0.029 -1.095
180 -0.012 -1.107
181  0.016 -1.091
182 -0.013 -1.104
183 -0.007 -1.111
184  0.005 -1.106
185  0.007 -1.099
186 -0.010 -1.109
187 -0.021 -1.130
188  0.010 -1.120
189 -0.031 -1.151
190 -0.037 -1.188
191  0.005 -1.183
192 -0.045 -1.228
193 -0.160 -1.388
194 -0.176 -1.564
195 -0.048 -1.612
196 -0.005 -1.617
197  0.014 -1.603
198  0.018 -1.585
199 -0.029 -1.614
200 -0.061 -1.675
201  0.001 -1.674
202  0.023 -1.651
203 -0.019 -1.670
204 -0.056 -1.726
205  0.010 -1.716
206 -0.016 -1.732
207 -0.061 -1.793
208 -0.019 -1.812
209 -0.012 -1.824
210  0.004 -1.820
211 -0.008 -1.828
212 -0.007 -1.835
213  0.001 -1.834
214  0.001 -1.833
215  0.000 -1.833
216 -0.023 -1.856
217 -0.017 -1.873
218 -0.008 -1.881
219  0.069 -1.812
220  0.045 -1.767
221 -0.023 -1.790
222 -0.065 -1.855
223  0.008 -1.847
224  0.008 -1.839
225  0.003 -1.836
226  0.013 -1.823
227  0.003 -1.820
228 -0.015 -1.835
229 -0.034 -1.869
230 -0.004 -1.873
231  0.000 -1.873
232 -0.006 -1.879
233 -0.008 -1.887
234 -0.045 -1.932
235 -0.065 -1.997
236 -0.029 -2.026
237 -0.007 -2.033
238 -0.045 -2.078
239 -0.034 -2.112
240  0.005 -2.107
241 -0.019 -2.126
242 -0.024 -2.150
243  0.022 -2.128
244 -0.009 -2.137
245 -0.036 -2.173
246 -0.032 -2.205
247 -0.027 -2.232
248  0.004 -2.228
249 -0.003 -2.231
250 -0.046 -2.277
251 -0.021 -2.298
252  0.001 -2.297
253 -0.092 -2.389
254 -0.042 -2.431
255 -0.017 -2.448
256  0.024 -2.424
257 -0.005 -2.429
258 -0.029 -2.458
259 -0.049 -2.507
260 -0.035 -2.542
261 -0.040 -2.582
262 -0.001 -2.583
263 -0.030 -2.613
264 -0.034 -2.647
265 -0.008 -2.655
266 -0.009 -2.664
267 -0.001 -2.665
268  0.027 -2.638
269 -0.011 -2.649
270 -0.029 -2.678
271 -0.028 -2.706
272 -0.043 -2.749
273 -0.091 -2.840
274 -0.033 -2.873
275 -0.028 -2.901
276 -0.012 -2.913
277  0.013 -2.900
278  0.041 -2.859
279  0.082 -2.777
280  0.036 -2.741
281  0.032 -2.709
282 -0.001 -2.710
283 -0.020 -2.730
284 -0.010 -2.740
285  0.001 -2.739
286 -0.003 -2.742
287 -0.035 -2.777
288 -0.065 -2.842
289 -0.026 -2.868
290 -0.021 -2.889
291 -0.044 -2.933
292 -0.005 -2.938
293  0.005   NaN 
294  0.000   NaN 
295  0.002   NaN 
296  0.037   NaN 
297  0.016   NaN 
298  0.041   NaN 
299  0.024   NaN 
300  0.031   NaN 
301  0.279   NaN 
302  0.016   NaN 
303  0.021   NaN 
304  0.042   NaN 
305 -0.025   NaN 
306 -0.001   NaN 
307  0.041   NaN 
308  0.049   NaN 
309  0.000   NaN 
310  0.118   NaN 
311  0.055   NaN 
312  0.015   NaN 
313  0.106   NaN 
314  0.110   NaN 
315  0.059   NaN 
316  0.167   NaN 
317  0.048   NaN 
318  0.008   NaN 
319  0.033   NaN 
320  0.014   NaN 
321  0.026   NaN 
322  0.011   NaN 
323  0.025   NaN 
324  0.089   NaN 
325  0.018   NaN 
326  0.007   NaN 
327 -0.005   NaN 
328  0.200   NaN 
329  0.397   NaN 
330  0.083   NaN 
331  0.010   NaN 
332  0.016   NaN 
333  0.031   NaN 
334  0.068   NaN 
335  0.096   NaN 
336  0.249   NaN 
337 -0.020   NaN 
338  0.014   NaN 
339  0.039   NaN 
340  0.218   NaN 
341  0.017   NaN 
342  0.015   NaN 
343  0.065   NaN 
344  0.025   NaN 
345  0.083   NaN 
346  0.108   NaN 
347  0.025   NaN 
348  0.150   NaN 
349  0.355   NaN 
350  0.285   NaN 
351  0.108   NaN 
352  0.084   NaN 
353 -0.008   NaN 
354  0.001   NaN 
355 -0.007   NaN 
356  0.001   NaN 
357 -0.001   NaN 
358 -0.004   NaN 
359 -0.006   NaN 
360 -0.002   NaN 
361  0.000   NaN 
362 -0.001   NaN 
363 -0.003   NaN 
364  0.002   NaN 
365  0.001   NaN 
