# Spring transition day: 164 (95% confidence interval: 141 - 167 )
#
# column 1:  yearday 2000 (UTC)
# column 2:  northward windstress (Newtons/m2)
# column 3:  cumulative-from-spring-transition northward windstress
#                [ending at fall transition]      (Newtons/m2*days)
  1  0.023   NaN 
  2 -0.007   NaN 
  3  0.074   NaN 
  4  0.258   NaN 
  5 -0.018   NaN 
  6  0.005   NaN 
  7  0.040   NaN 
  8  0.087   NaN 
  9  0.126   NaN 
 10  0.013   NaN 
 11  0.011   NaN 
 12  0.050   NaN 
 13  0.002   NaN 
 14  0.048   NaN 
 15 -0.003   NaN 
 16  0.260   NaN 
 17  0.136   NaN 
 18 -0.007   NaN 
 19  0.000   NaN 
 20  0.011   NaN 
 21  0.142   NaN 
 22  0.025   NaN 
 23  0.003   NaN 
 24 -0.002   NaN 
 25  0.006   NaN 
 26  0.004   NaN 
 27  0.006   NaN 
 28 -0.009   NaN 
 29  0.001   NaN 
 30  0.009   NaN 
 31  0.022   NaN 
 32  0.362   NaN 
 33  0.046   NaN 
 34 -0.002   NaN 
 35  0.007   NaN 
 36 -0.004   NaN 
 37  0.029   NaN 
 38  0.011   NaN 
 39  0.059   NaN 
 40  0.015   NaN 
 41 -0.011   NaN 
 42  0.006   NaN 
 43 -0.010   NaN 
 44  0.004   NaN 
 45  0.028   NaN 
 46  0.010   NaN 
 47 -0.003   NaN 
 48 -0.004   NaN 
 49 -0.006   NaN 
 50 -0.009   NaN 
 51 -0.001   NaN 
 52  0.001   NaN 
 53  0.087   NaN 
 54  0.018   NaN 
 55  0.011   NaN 
 56  0.028   NaN 
 57  0.032   NaN 
 58  0.008   NaN 
 59  0.030   NaN 
 60  0.070   NaN 
 61  0.010   NaN 
 62  0.043   NaN 
 63  0.002   NaN 
 64 -0.068   NaN 
 65 -0.129   NaN 
 66 -0.106   NaN 
 67  0.007   NaN 
 68  0.006   NaN 
 69  0.005   NaN 
 70  0.017   NaN 
 71  0.038   NaN 
 72  0.001   NaN 
 73  0.016   NaN 
 74  0.062   NaN 
 75 -0.002   NaN 
 76  0.041   NaN 
 77  0.024   NaN 
 78  0.101   NaN 
 79  0.048   NaN 
 80 -0.012   NaN 
 81 -0.009   NaN 
 82 -0.010   NaN 
 83 -0.010   NaN 
 84 -0.014   NaN 
 85 -0.029   NaN 
 86 -0.009   NaN 
 87  0.022   NaN 
 88 -0.004   NaN 
 89 -0.018   NaN 
 90 -0.038   NaN 
 91 -0.042   NaN 
 92 -0.081   NaN 
 93 -0.102   NaN 
 94 -0.050   NaN 
 95 -0.014   NaN 
 96 -0.014   NaN 
 97  0.001   NaN 
 98 -0.005   NaN 
 99  0.019   NaN 
100  0.035   NaN 
101 -0.012   NaN 
102 -0.026   NaN 
103  0.012   NaN 
104  0.017   NaN 
105  0.070   NaN 
106  0.028   NaN 
107 -0.006   NaN 
108 -0.019   NaN 
109 -0.020   NaN 
110  0.004   NaN 
111  0.000   NaN 
112  0.010   NaN 
113  0.056   NaN 
114  0.019   NaN 
115 -0.001   NaN 
116  0.054   NaN 
117  0.005   NaN 
118  0.042   NaN 
119  0.110   NaN 
120 -0.001   NaN 
121  0.009   NaN 
122  0.005   NaN 
123  0.021   NaN 
124  0.089   NaN 
125  0.021   NaN 
126  0.017   NaN 
127 -0.008   NaN 
128 -0.028   NaN 
129 -0.011   NaN 
130  0.061   NaN 
131  0.095   NaN 
132 -0.001   NaN 
133 -0.001   NaN 
134 -0.003   NaN 
135  0.001   NaN 
136  0.020   NaN 
137 -0.022   NaN 
138  0.001   NaN 
139 -0.006   NaN 
140  0.002   NaN 
141 -0.027   NaN 
142 -0.008   NaN 
143 -0.009   NaN 
144 -0.021   NaN 
145 -0.064   NaN 
146 -0.032   NaN 
147  0.078   NaN 
148  0.106   NaN 
149  0.019   NaN 
150 -0.024   NaN 
151 -0.061   NaN 
152 -0.011   NaN 
153 -0.054   NaN 
154 -0.091   NaN 
155 -0.027   NaN 
156  0.001   NaN 
157  0.054   NaN 
158  0.053   NaN 
159  0.009   NaN 
160 -0.033   NaN 
161  0.009   NaN 
162  0.031   NaN 
163  0.068   NaN 
164  0.315  0.000
165 -0.014 -0.014
166 -0.013 -0.027
167 -0.094 -0.121
168 -0.107 -0.228
169 -0.089 -0.317
170 -0.060 -0.377
171 -0.021 -0.398
172 -0.058 -0.456
173 -0.117 -0.573
174 -0.110 -0.683
175 -0.086 -0.769
176 -0.051 -0.820
177 -0.057 -0.877
178 -0.085 -0.962
179 -0.053 -1.015
180 -0.025 -1.040
181 -0.057 -1.097
182 -0.039 -1.136
183 -0.011 -1.147
184 -0.020 -1.167
185  0.000 -1.167
186  0.011 -1.156
187  0.004 -1.152
188 -0.017 -1.169
189 -0.048 -1.217
190 -0.007 -1.224
191 -0.003 -1.227
192 -0.041 -1.268
193 -0.066 -1.334
194 -0.081 -1.415
195 -0.001 -1.416
196 -0.009 -1.425
197 -0.072 -1.497
198 -0.037 -1.534
199  0.008 -1.526
200  0.008 -1.518
201 -0.005 -1.523
202 -0.038 -1.561
203 -0.048 -1.609
204  0.009 -1.600
205 -0.014 -1.614
206 -0.053 -1.667
207 -0.002 -1.669
208  0.007 -1.662
209  0.013 -1.649
210  0.007 -1.642
211 -0.014 -1.656
212 -0.030 -1.686
213 -0.002 -1.688
214 -0.063 -1.751
215 -0.130 -1.881
216 -0.083 -1.964
217 -0.016 -1.980
218 -0.005 -1.985
219 -0.009 -1.994
220 -0.024 -2.018
221 -0.042 -2.060
222 -0.025 -2.085
223 -0.013 -2.098
224 -0.016 -2.114
225 -0.039 -2.153
226 -0.007 -2.160
227 -0.013 -2.173
228 -0.019 -2.192
229 -0.023 -2.215
230 -0.007 -2.222
231  0.017 -2.205
232  0.019 -2.186
233 -0.003 -2.189
234 -0.036 -2.225
235 -0.048 -2.273
236 -0.022 -2.295
237  0.011 -2.284
238  0.000 -2.284
239 -0.024 -2.308
240 -0.067 -2.375
241 -0.066 -2.441
242 -0.057 -2.498
243 -0.030 -2.528
244 -0.024 -2.552
245  0.010 -2.542
246  0.039 -2.503
247  0.025 -2.478
248 -0.004 -2.482
249 -0.005 -2.487
250 -0.004 -2.491
251 -0.022 -2.513
252  0.042 -2.471
253  0.009 -2.462
254  0.030 -2.432
255  0.006 -2.426
256 -0.036 -2.462
257 -0.032 -2.494
258  0.065 -2.429
259  0.048 -2.381
260 -0.009 -2.390
261 -0.023 -2.413
262 -0.042 -2.455
263 -0.057 -2.512
264 -0.055 -2.567
265 -0.039 -2.606
266 -0.029 -2.635
267 -0.014 -2.649
268 -0.005 -2.654
269 -0.001 -2.655
270  0.001 -2.654
271  0.000 -2.654
272 -0.001 -2.655
273  0.008 -2.647
274  0.052 -2.595
275  0.053 -2.542
276 -0.031 -2.573
277 -0.052 -2.625
278 -0.054 -2.679
279 -0.028 -2.707
280  0.007 -2.700
281  0.002 -2.698
282  0.003 -2.695
283 -0.005 -2.700
284 -0.008 -2.708
285 -0.001 -2.709
286  0.019   NaN 
287  0.100   NaN 
288  0.009   NaN 
289 -0.003   NaN 
290  0.020   NaN 
291  0.061   NaN 
292  0.092   NaN 
293 -0.003   NaN 
294  0.109   NaN 
295  0.006   NaN 
296 -0.004   NaN 
297 -0.003   NaN 
298  0.002   NaN 
299  0.007   NaN 
300 -0.004   NaN 
301  0.010   NaN 
302  0.098   NaN 
303  0.061   NaN 
304 -0.007   NaN 
305 -0.001   NaN 
306  0.005   NaN 
307  0.012   NaN 
308 -0.003   NaN 
309  0.006   NaN 
310  0.004   NaN 
311 -0.010   NaN 
312 -0.002   NaN 
313 -0.019   NaN 
314  0.002   NaN 
315  0.004   NaN 
316 -0.006   NaN 
317 -0.002   NaN 
318  0.000   NaN 
319 -0.001   NaN 
320 -0.001   NaN 
321 -0.005   NaN 
322 -0.007   NaN 
323 -0.001   NaN 
324  0.000   NaN 
325 -0.002   NaN 
326  0.000   NaN 
327 -0.003   NaN 
328  0.022   NaN 
329  0.017   NaN 
330  0.020   NaN 
331  0.055   NaN 
332  0.028   NaN 
333 -0.009   NaN 
334  0.050   NaN 
335  0.095   NaN 
336 -0.002   NaN 
337  0.017   NaN 
338 -0.004   NaN 
339  0.000   NaN 
340 -0.004   NaN 
341 -0.002   NaN 
342 -0.001   NaN 
343 -0.001   NaN 
344 -0.004   NaN 
345 -0.001   NaN 
346 -0.001   NaN 
347 -0.002   NaN 
348 -0.001   NaN 
349  0.052   NaN 
350  0.031   NaN 
351  0.137   NaN 
352  0.052   NaN 
353 -0.007   NaN 
354  0.003   NaN 
355 -0.002   NaN 
356  0.051   NaN 
357  0.258   NaN 
358  0.053   NaN 
359  0.013   NaN 
360  0.001   NaN 
361 -0.002   NaN 
362  0.003   NaN 
363 -0.001   NaN 
364  0.001   NaN 
365  0.013   NaN 
366  0.013   NaN 
