# Spring transition day: 121 (95% confidence interval: 97 - 140 )
#
# column 1:  yearday 2001 (UTC)
# column 2:  northward windstress (Newtons/m2)
# column 3:  cumulative-from-spring-transition northward windstress
#                [ending at fall transition]      (Newtons/m2*days)
  1 -0.003   NaN 
  2 -0.002   NaN 
  3  0.018   NaN 
  4  0.051   NaN 
  5  0.076   NaN 
  6 -0.008   NaN 
  7  0.000   NaN 
  8  0.013   NaN 
  9  0.009   NaN 
 10  0.033   NaN 
 11 -0.002   NaN 
 12 -0.039   NaN 
 13  0.003   NaN 
 14 -0.016   NaN 
 15 -0.010   NaN 
 16  0.000   NaN 
 17 -0.001   NaN 
 18  0.004   NaN 
 19  0.032   NaN 
 20 -0.005   NaN 
 21  0.048   NaN 
 22  0.011   NaN 
 23  0.000   NaN 
 24  0.007   NaN 
 25  0.004   NaN 
 26  0.001   NaN 
 27 -0.004   NaN 
 28  0.014   NaN 
 29  0.083   NaN 
 30 -0.003   NaN 
 31  0.009   NaN 
 32  0.003   NaN 
 33  0.192   NaN 
 34  0.001   NaN 
 35  0.067   NaN 
 36  0.000   NaN 
 37 -0.050   NaN 
 38 -0.022   NaN 
 39 -0.005   NaN 
 40  0.001   NaN 
 41 -0.002   NaN 
 42  0.004   NaN 
 43 -0.006   NaN 
 44 -0.013   NaN 
 45 -0.017   NaN 
 46  0.034   NaN 
 47  0.138   NaN 
 48 -0.001   NaN 
 49  0.021   NaN 
 50  0.004   NaN 
 51  0.003   NaN 
 52  0.022   NaN 
 53  0.025   NaN 
 54 -0.003   NaN 
 55 -0.011   NaN 
 56 -0.026   NaN 
 57 -0.032   NaN 
 58 -0.024   NaN 
 59 -0.019   NaN 
 60  0.066   NaN 
 61  0.071   NaN 
 62 -0.005   NaN 
 63 -0.009   NaN 
 64 -0.007   NaN 
 65 -0.013   NaN 
 66  0.009   NaN 
 67  0.018   NaN 
 68 -0.037   NaN 
 69 -0.044   NaN 
 70 -0.040   NaN 
 71 -0.027   NaN 
 72 -0.002   NaN 
 73  0.003   NaN 
 74  0.007   NaN 
 75 -0.011   NaN 
 76  0.062   NaN 
 77  0.174   NaN 
 78  0.053   NaN 
 79 -0.027   NaN 
 80 -0.071   NaN 
 81 -0.048   NaN 
 82  0.003   NaN 
 83  0.011   NaN 
 84  0.169   NaN 
 85  0.028   NaN 
 86  0.034   NaN 
 87  0.084   NaN 
 88 -0.011   NaN 
 89 -0.002   NaN 
 90  0.045   NaN 
 91 -0.002   NaN 
 92 -0.011   NaN 
 93  0.001   NaN 
 94 -0.007   NaN 
 95 -0.007   NaN 
 96  0.021   NaN 
 97  0.001   NaN 
 98  0.005   NaN 
 99 -0.006   NaN 
100  0.002   NaN 
101 -0.014   NaN 
102  0.001   NaN 
103 -0.008   NaN 
104 -0.009   NaN 
105 -0.006   NaN 
106  0.016   NaN 
107  0.120   NaN 
108  0.031   NaN 
109 -0.009   NaN 
110 -0.016   NaN 
111 -0.068   NaN 
112  0.025   NaN 
113  0.052   NaN 
114  0.013   NaN 
115 -0.021   NaN 
116 -0.002   NaN 
117  0.020   NaN 
118  0.047   NaN 
119  0.139   NaN 
120  0.193   NaN 
121  0.001  0.000
122 -0.053 -0.053
123 -0.064 -0.117
124 -0.015 -0.132
125 -0.014 -0.146
126 -0.052 -0.198
127 -0.026 -0.224
128 -0.057 -0.281
129 -0.082 -0.363
130 -0.046 -0.409
131 -0.057 -0.466
132 -0.017 -0.483
133 -0.004 -0.487
134  0.119 -0.368
135  0.114 -0.254
136  0.036 -0.218
137 -0.016 -0.234
138 -0.037 -0.271
139 -0.066 -0.337
140 -0.068 -0.405
141 -0.072 -0.477
142 -0.019 -0.496
143  0.019 -0.477
144 -0.034 -0.511
145 -0.089 -0.600
146 -0.061 -0.661
147  0.011 -0.650
148  0.035 -0.615
149 -0.006 -0.621
150 -0.030 -0.651
151 -0.050 -0.701
152 -0.018 -0.719
153  0.012 -0.707
154 -0.012 -0.719
155 -0.013 -0.732
156  0.027 -0.705
157  0.019 -0.686
158 -0.013 -0.699
159 -0.002 -0.701
160  0.001 -0.700
161  0.007 -0.693
162  0.040 -0.653
163 -0.015 -0.668
164 -0.020 -0.688
165 -0.042 -0.730
166 -0.053 -0.783
167 -0.098 -0.881
168 -0.062 -0.943
169 -0.040 -0.983
170 -0.051 -1.034
171 -0.012 -1.046
172 -0.029 -1.075
173 -0.020 -1.095
174 -0.016 -1.111
175  0.018 -1.093
176  0.004 -1.089
177 -0.022 -1.111
178  0.061 -1.050
179  0.084 -0.966
180  0.009 -0.957
181 -0.027 -0.984
182  0.002 -0.982
183 -0.006 -0.988
184 -0.026 -1.014
185 -0.057 -1.071
186 -0.078 -1.149
187 -0.063 -1.212
188 -0.017 -1.229
189 -0.009 -1.238
190 -0.031 -1.269
191 -0.035 -1.304
192 -0.090 -1.394
193 -0.058 -1.452
194 -0.037 -1.489
195 -0.078 -1.567
196 -0.021 -1.588
197  0.000 -1.588
198  0.004 -1.584
199  0.005 -1.579
200 -0.022 -1.601
201 -0.014 -1.615
202 -0.008 -1.623
203 -0.025 -1.648
204 -0.041 -1.689
205 -0.060 -1.749
206 -0.105 -1.854
207 -0.086 -1.940
208 -0.087 -2.027
209  0.007 -2.020
210  0.005 -2.015
211 -0.008 -2.023
212 -0.012 -2.035
213 -0.009 -2.044
214  0.018 -2.026
215  0.046 -1.980
216  0.036 -1.944
217  0.018 -1.926
218  0.024 -1.902
219 -0.068 -1.970
220 -0.181 -2.151
221 -0.031 -2.182
222  0.034 -2.148
223  0.003 -2.145
224 -0.024 -2.169
225 -0.011 -2.180
226 -0.039 -2.219
227 -0.029 -2.248
228 -0.003 -2.251
229 -0.009 -2.260
230 -0.004 -2.264
231 -0.016 -2.280
232 -0.051 -2.331
233  0.022 -2.309
234  0.146 -2.163
235  0.076 -2.087
236  0.018 -2.069
237 -0.007 -2.076
238 -0.008 -2.084
239 -0.002 -2.086
240 -0.005 -2.091
241 -0.039 -2.130
242 -0.026 -2.156
243  0.001 -2.155
244  0.009 -2.146
245 -0.006 -2.152
246  0.001 -2.151
247 -0.032 -2.183
248 -0.017 -2.200
249 -0.014 -2.214
250 -0.043 -2.257
251 -0.051 -2.308
252 -0.039 -2.347
253 -0.005 -2.352
254 -0.036 -2.388
255 -0.036 -2.424
256 -0.044 -2.468
257 -0.026 -2.494
258 -0.047 -2.541
259 -0.015 -2.556
260 -0.036 -2.592
261 -0.030 -2.622
262 -0.041 -2.663
263 -0.029 -2.692
264  0.002 -2.690
265 -0.002 -2.692
266 -0.002 -2.694
267  0.008 -2.686
268  0.017 -2.669
269  0.039 -2.630
270  0.001 -2.629
271  0.002 -2.627
272 -0.004 -2.631
273 -0.023 -2.654
274 -0.023 -2.677
275 -0.038 -2.715
276 -0.039 -2.754
277 -0.010 -2.764
278  0.018 -2.746
279  0.001 -2.745
280 -0.019 -2.764
281  0.018   NaN 
282 -0.004   NaN 
283  0.046   NaN 
284  0.063   NaN 
285  0.006   NaN 
286  0.016   NaN 
287  0.002   NaN 
288 -0.004   NaN 
289 -0.003   NaN 
290 -0.017   NaN 
291 -0.034   NaN 
292 -0.016   NaN 
293 -0.035   NaN 
294 -0.018   NaN 
295  0.088   NaN 
296  0.036   NaN 
297 -0.005   NaN 
298  0.033   NaN 
299  0.016   NaN 
300 -0.015   NaN 
301 -0.010   NaN 
302 -0.003   NaN 
303  0.011   NaN 
304  0.167   NaN 
305  0.041   NaN 
306  0.029   NaN 
307 -0.009   NaN 
308  0.003   NaN 
309  0.002   NaN 
310  0.002   NaN 
311  0.003   NaN 
312 -0.002   NaN 
313  0.010   NaN 
314 -0.002   NaN 
315  0.003   NaN 
316  0.006   NaN 
317  0.114   NaN 
318  0.560   NaN 
319  0.133   NaN 
320  0.023   NaN 
321  0.003   NaN 
322 -0.004   NaN 
323  0.056   NaN 
324  0.306   NaN 
325  0.093   NaN 
326  0.221   NaN 
327  0.009   NaN 
328  0.008   NaN 
329  0.006   NaN 
330  0.009   NaN 
331 -0.023   NaN 
332  0.272   NaN 
333  0.183   NaN 
334  0.140   NaN 
335  0.398   NaN 
336  0.082   NaN 
337 -0.026   NaN 
338  0.046   NaN 
339  0.023   NaN 
340  0.055   NaN 
341  0.006   NaN 
342  0.012   NaN 
343 -0.045   NaN 
344 -0.035   NaN 
345 -0.008   NaN 
346  0.024   NaN 
347  0.459   NaN 
348  0.136   NaN 
349  0.039   NaN 
350  0.560   NaN 
351  0.204   NaN 
352  0.082   NaN 
353  0.030   NaN 
354 -0.004   NaN 
355  0.012   NaN 
356  0.010   NaN 
357  0.014   NaN 
358 -0.004   NaN 
359 -0.004   NaN 
360 -0.004   NaN 
361 -0.004   NaN 
362  0.052   NaN 
363 -0.004   NaN 
364 -0.004   NaN 
365 -0.001   NaN 
