# Spring transition day: 107 (95% confidence interval: 102 - 153 )
#
# column 1:  yearday 2002 (UTC)
# column 2:  northward windstress (Newtons/m2)
# column 3:  cumulative-from-spring-transition northward windstress
#                [ending at fall transition]      (Newtons/m2*days)
  1 -0.006   NaN 
  2  0.079   NaN 
  3  0.049   NaN 
  4  0.007   NaN 
  5  0.014   NaN 
  6  0.122   NaN 
  7  0.362   NaN 
  8  0.099   NaN 
  9  0.004   NaN 
 10  0.003   NaN 
 11 -0.002   NaN 
 12  0.074   NaN 
 13 -0.010   NaN 
 14 -0.004   NaN 
 15  0.001   NaN 
 16 -0.001   NaN 
 17 -0.007   NaN 
 18  0.023   NaN 
 19 -0.013   NaN 
 20  0.170   NaN 
 21  0.010   NaN 
 22  0.001   NaN 
 23  0.015   NaN 
 24  0.166   NaN 
 25  0.313   NaN 
 26  0.042   NaN 
 27  0.061   NaN 
 28  0.003   NaN 
 29  0.004   NaN 
 30  0.013   NaN 
 31  0.058   NaN 
 32  0.016   NaN 
 33  0.008   NaN 
 34  0.024   NaN 
 35 -0.002   NaN 
 36  0.036   NaN 
 37  0.204   NaN 
 38  0.151   NaN 
 39  0.007   NaN 
 40 -0.004   NaN 
 41  0.011   NaN 
 42  0.012   NaN 
 43 -0.003   NaN 
 44 -0.035   NaN 
 45 -0.049   NaN 
 46  0.001   NaN 
 47  0.012   NaN 
 48  0.005   NaN 
 49  0.025   NaN 
 50  0.197   NaN 
 51 -0.018   NaN 
 52  0.164   NaN 
 53  0.065   NaN 
 54  0.083   NaN 
 55  0.005   NaN 
 56 -0.013   NaN 
 57 -0.020   NaN 
 58 -0.050   NaN 
 59 -0.099   NaN 
 60 -0.042   NaN 
 61 -0.026   NaN 
 62 -0.007   NaN 
 63  0.007   NaN 
 64  0.048   NaN 
 65  0.011   NaN 
 66 -0.030   NaN 
 67  0.006   NaN 
 68  0.031   NaN 
 69  0.194   NaN 
 70  0.316   NaN 
 71  0.175   NaN 
 72  0.037   NaN 
 73 -0.006   NaN 
 74 -0.003   NaN 
 75 -0.004   NaN 
 76 -0.022   NaN 
 77  0.030   NaN 
 78  0.143   NaN 
 79  0.007   NaN 
 80 -0.001   NaN 
 81 -0.002   NaN 
 82  0.011   NaN 
 83  0.010   NaN 
 84 -0.006   NaN 
 85 -0.010   NaN 
 86 -0.005   NaN 
 87 -0.004   NaN 
 88 -0.020   NaN 
 89 -0.047   NaN 
 90 -0.067   NaN 
 91 -0.080   NaN 
 92 -0.066   NaN 
 93 -0.060   NaN 
 94 -0.026   NaN 
 95  0.045   NaN 
 96  0.028   NaN 
 97  0.012   NaN 
 98 -0.018   NaN 
 99  0.081   NaN 
100  0.126   NaN 
101  0.095   NaN 
102  0.088   NaN 
103  0.208   NaN 
104  0.132   NaN 
105 -0.009   NaN 
106  0.060   NaN 
107  0.012  0.000
108 -0.003 -0.003
109 -0.062 -0.065
110 -0.052 -0.117
111 -0.013 -0.130
112 -0.023 -0.153
113 -0.061 -0.214
114 -0.070 -0.284
115 -0.083 -0.367
116 -0.054 -0.421
117  0.007 -0.414
118 -0.016 -0.430
119 -0.065 -0.495
120 -0.067 -0.562
121  0.000 -0.562
122 -0.001 -0.563
123 -0.019 -0.582
124 -0.023 -0.605
125  0.009 -0.596
126 -0.005 -0.601
127 -0.012 -0.613
128 -0.023 -0.636
129 -0.063 -0.699
130 -0.016 -0.715
131 -0.064 -0.779
132 -0.042 -0.821
133  0.021 -0.800
134 -0.013 -0.813
135 -0.079 -0.892
136 -0.028 -0.920
137  0.021 -0.899
138 -0.021 -0.920
139 -0.002 -0.922
140  0.000 -0.922
141  0.022 -0.900
142  0.027 -0.873
143 -0.016 -0.889
144 -0.041 -0.930
145 -0.011 -0.941
146  0.005 -0.936
147  0.019 -0.917
148  0.142 -0.775
149  0.100 -0.675
150 -0.013 -0.688
151 -0.043 -0.731
152 -0.111 -0.842
153 -0.046 -0.888
154 -0.022 -0.910
155  0.018 -0.892
156  0.024 -0.868
157 -0.051 -0.919
158 -0.072 -0.991
159 -0.014 -1.005
160 -0.008 -1.013
161 -0.004 -1.017
162 -0.038 -1.055
163 -0.038 -1.093
164  0.031 -1.062
165  0.022 -1.040
166 -0.002 -1.042
167  0.000 -1.042
168  0.043 -0.999
169  0.050 -0.949
170 -0.028 -0.977
171 -0.077 -1.054
172 -0.026 -1.080
173 -0.001 -1.081
174  0.004 -1.077
175 -0.010 -1.087
176 -0.032 -1.119
177 -0.007 -1.126
178  0.010 -1.116
179  0.041 -1.075
180  0.097 -0.978
181 -0.009 -0.987
182 -0.055 -1.042
183 -0.095 -1.137
184 -0.027 -1.164
185  0.000 -1.164
186 -0.014 -1.178
187 -0.015 -1.193
188  0.003 -1.190
189  0.026 -1.164
190 -0.032 -1.196
191 -0.026 -1.222
192 -0.067 -1.289
193 -0.093 -1.382
194 -0.021 -1.403
195 -0.032 -1.435
196 -0.084 -1.519
197 -0.014 -1.533
198  0.004 -1.529
199  0.003 -1.526
200  0.005 -1.521
201 -0.082 -1.603
202 -0.118 -1.721
203  0.009 -1.712
204  0.032 -1.680
205  0.014 -1.666
206  0.003 -1.663
207 -0.014 -1.677
208 -0.020 -1.697
209 -0.031 -1.728
210 -0.057 -1.785
211 -0.084 -1.869
212 -0.080 -1.949
213 -0.081 -2.030
214 -0.049 -2.079
215 -0.074 -2.153
216  0.017 -2.136
217  0.007 -2.129
218 -0.001 -2.130
219 -0.024 -2.154
220 -0.051 -2.205
221 -0.042 -2.247
222 -0.102 -2.349
223 -0.073 -2.422
224 -0.053 -2.475
225 -0.039 -2.514
226 -0.075 -2.589
227 -0.008 -2.597
228 -0.015 -2.612
229 -0.028 -2.640
230 -0.031 -2.671
231 -0.047 -2.718
232  0.002 -2.716
233 -0.013 -2.729
234 -0.047 -2.776
235 -0.037 -2.813
236  0.000 -2.813
237  0.000 -2.813
238 -0.007 -2.820
239 -0.030 -2.850
240 -0.059 -2.909
241 -0.086 -2.995
242 -0.003 -2.998
243 -0.028 -3.026
244 -0.047 -3.073
245 -0.032 -3.105
246 -0.013 -3.118
247 -0.001 -3.119
248  0.002 -3.117
249 -0.003 -3.120
250  0.004 -3.116
251  0.003 -3.113
252 -0.005 -3.118
253 -0.019 -3.137
254 -0.024 -3.161
255 -0.028 -3.189
256 -0.025 -3.214
257  0.025 -3.189
258  0.001 -3.188
259  0.019 -3.169
260  0.044 -3.125
261 -0.018 -3.143
262 -0.036 -3.179
263 -0.053 -3.232
264 -0.044 -3.276
265 -0.017 -3.293
266 -0.043 -3.336
267 -0.080 -3.416
268 -0.034 -3.450
269 -0.035 -3.485
270 -0.014 -3.499
271 -0.043 -3.542
272 -0.006 -3.548
273  0.020 -3.528
274 -0.001 -3.529
275 -0.011 -3.540
276  0.003 -3.537
277  0.008 -3.529
278  0.001 -3.528
279 -0.017 -3.545
280 -0.044 -3.589
281 -0.040 -3.629
282 -0.053 -3.682
283 -0.033 -3.715
284 -0.009 -3.724
285 -0.017 -3.741
286 -0.018 -3.759
287 -0.027 -3.786
288 -0.010 -3.796
289  0.003 -3.793
290  0.019 -3.774
291  0.009 -3.765
292  0.002 -3.763
293  0.001 -3.762
294 -0.010 -3.772
295 -0.017 -3.789
296 -0.002 -3.791
297  0.009 -3.782
298 -0.009 -3.791
299 -0.012 -3.803
300 -0.002 -3.805
301  0.005 -3.800
302  0.002 -3.798
303 -0.006 -3.804
304 -0.002 -3.806
305 -0.002 -3.808
306 -0.004 -3.812
307 -0.005 -3.817
308 -0.001 -3.818
309  0.020   NaN 
310  0.049   NaN 
311  0.069   NaN 
312  0.100   NaN 
313  0.099   NaN 
314  0.059   NaN 
315  0.034   NaN 
316  0.110   NaN 
317  0.110   NaN 
318  0.035   NaN 
319 -0.019   NaN 
320  0.197   NaN 
321  0.081   NaN 
322  0.017   NaN 
323  0.103   NaN 
324 -0.014   NaN 
325  0.006   NaN 
326 -0.009   NaN 
327 -0.008   NaN 
328  0.002   NaN 
329 -0.005   NaN 
330 -0.005   NaN 
331 -0.003   NaN 
332 -0.002   NaN 
333 -0.003   NaN 
334 -0.002   NaN 
335  0.003   NaN 
336 -0.002   NaN 
337  0.000   NaN 
338 -0.001   NaN 
339 -0.002   NaN 
340 -0.003   NaN 
341  0.003   NaN 
342 -0.002   NaN 
343 -0.002   NaN 
344  0.114   NaN 
345  0.156   NaN 
346  0.243   NaN 
347  0.013   NaN 
348  0.151   NaN 
349  0.114   NaN 
350  0.014   NaN 
351  0.014   NaN 
352  0.014   NaN 
353  0.005   NaN 
354  0.006   NaN 
355 -0.014   NaN 
356  0.001   NaN 
357 -0.003   NaN 
358  0.016   NaN 
359  0.079   NaN 
360  0.015   NaN 
361  0.225   NaN 
362  0.011   NaN 
363 -0.040   NaN 
364  0.214   NaN 
365 -0.011   NaN 
