# Spring transition day: 110 (95% confidence interval: 107 - 134 )
#
# column 1:  yearday 2003 (UTC)
# column 2:  northward windstress (Newtons/m2)
# column 3:  cumulative-from-spring-transition northward windstress
#                [ending at fall transition]      (Newtons/m2*days)
  1  0.063   NaN 
  2  0.193   NaN 
  3  0.099   NaN 
  4  0.039   NaN 
  5  0.012   NaN 
  6 -0.003   NaN 
  7  0.001   NaN 
  8 -0.001   NaN 
  9 -0.001   NaN 
 10 -0.003   NaN 
 11 -0.001   NaN 
 12  0.010   NaN 
 13  0.040   NaN 
 14  0.000   NaN 
 15 -0.004   NaN 
 16 -0.002   NaN 
 17 -0.003   NaN 
 18  0.006   NaN 
 19  0.001   NaN 
 20 -0.004   NaN 
 21  0.022   NaN 
 22  0.051   NaN 
 23  0.132   NaN 
 24  0.037   NaN 
 25  0.079   NaN 
 26  0.164   NaN 
 27  0.009   NaN 
 28  0.005   NaN 
 29  0.039   NaN 
 30  0.144   NaN 
 31  0.245   NaN 
 32  0.002   NaN 
 33 -0.021   NaN 
 34 -0.008   NaN 
 35 -0.027   NaN 
 36 -0.001   NaN 
 37 -0.006   NaN 
 38 -0.007   NaN 
 39 -0.015   NaN 
 40 -0.010   NaN 
 41 -0.010   NaN 
 42 -0.012   NaN 
 43 -0.001   NaN 
 44 -0.006   NaN 
 45  0.012   NaN 
 46  0.019   NaN 
 47  0.058   NaN 
 48  0.101   NaN 
 49  0.025   NaN 
 50  0.019   NaN 
 51  0.109   NaN 
 52  0.101   NaN 
 53 -0.007   NaN 
 54 -0.007   NaN 
 55 -0.006   NaN 
 56 -0.004   NaN 
 57 -0.005   NaN 
 58  0.000   NaN 
 59 -0.001   NaN 
 60  0.005   NaN 
 61  0.000   NaN 
 62 -0.011   NaN 
 63 -0.001   NaN 
 64  0.011   NaN 
 65  0.032   NaN 
 66  0.082   NaN 
 67  0.054   NaN 
 68  0.202   NaN 
 69  0.071   NaN 
 70  0.048   NaN 
 71  0.161   NaN 
 72  0.266   NaN 
 73  0.097   NaN 
 74  0.097   NaN 
 75  0.043   NaN 
 76  0.021   NaN 
 77  0.036   NaN 
 78  0.045   NaN 
 79  0.081   NaN 
 80  0.236   NaN 
 81  0.317   NaN 
 82 -0.002   NaN 
 83 -0.005   NaN 
 84  0.104   NaN 
 85  0.041   NaN 
 86  0.010   NaN 
 87 -0.001   NaN 
 88 -0.014   NaN 
 89 -0.003   NaN 
 90 -0.006   NaN 
 91  0.009   NaN 
 92  0.079   NaN 
 93  0.072   NaN 
 94  0.012   NaN 
 95  0.019   NaN 
 96  0.053   NaN 
 97  0.047   NaN 
 98  0.060   NaN 
 99  0.017   NaN 
100  0.009   NaN 
101  0.065   NaN 
102  0.005   NaN 
103  0.042   NaN 
104  0.048   NaN 
105  0.030   NaN 
106  0.008   NaN 
107 -0.007   NaN 
108  0.004   NaN 
109  0.001   NaN 
110  0.009  0.000
111 -0.037 -0.037
112 -0.070 -0.107
113  0.014 -0.093
114  0.022 -0.071
115  0.009 -0.062
116  0.033 -0.029
117  0.022 -0.007
118 -0.011 -0.018
119 -0.005 -0.023
120 -0.005 -0.028
121 -0.021 -0.049
122 -0.079 -0.128
123 -0.026 -0.154
124  0.055 -0.099
125  0.002 -0.097
126 -0.012 -0.109
127 -0.038 -0.147
128 -0.004 -0.151
129 -0.014 -0.165
130 -0.024 -0.189
131 -0.047 -0.236
132 -0.036 -0.272
133 -0.044 -0.316
134 -0.020 -0.336
135 -0.013 -0.349
136  0.014 -0.335
137 -0.008 -0.343
138 -0.022 -0.365
139 -0.033 -0.398
140 -0.007 -0.405
141 -0.006 -0.411
142 -0.010 -0.421
143 -0.007 -0.428
144  0.014 -0.414
145  0.010 -0.404
146 -0.001 -0.405
147  0.001 -0.404
148 -0.011 -0.415
149 -0.044 -0.459
150 -0.041 -0.500
151  0.003 -0.497
152 -0.020 -0.517
153 -0.079 -0.596
154 -0.093 -0.689
155 -0.073 -0.762
156 -0.042 -0.804
157  0.027 -0.777
158  0.013 -0.764
159 -0.002 -0.766
160 -0.011 -0.777
161 -0.007 -0.784
162 -0.013 -0.797
163  0.002 -0.795
164  0.061 -0.734
165  0.014 -0.720
166 -0.015 -0.735
167 -0.038 -0.773
168 -0.019 -0.792
169 -0.013 -0.805
170 -0.019 -0.824
171  0.000 -0.824
172  0.000 -0.824
173 -0.003 -0.827
174 -0.018 -0.845
175 -0.034 -0.879
176 -0.068 -0.947
177 -0.128 -1.075
178 -0.125 -1.200
179 -0.100 -1.300
180 -0.007 -1.307
181  0.071 -1.236
182 -0.018 -1.254
183 -0.028 -1.282
184 -0.047 -1.329
185 -0.053 -1.382
186 -0.031 -1.413
187 -0.079 -1.492
188 -0.027 -1.519
189  0.047 -1.472
190 -0.008 -1.480
191 -0.008 -1.488
192  0.001 -1.487
193  0.020 -1.467
194  0.061 -1.406
195  0.003 -1.403
196 -0.003 -1.406
197 -0.007 -1.413
198 -0.026 -1.439
199 -0.033 -1.472
200 -0.015 -1.487
201 -0.007 -1.494
202 -0.035 -1.529
203 -0.110 -1.639
204 -0.103 -1.742
205 -0.133 -1.875
206 -0.040 -1.915
207 -0.013 -1.928
208 -0.062 -1.990
209 -0.077 -2.067
210 -0.027 -2.094
211 -0.015 -2.109
212 -0.067 -2.176
213 -0.060 -2.236
214 -0.064 -2.300
215 -0.019 -2.319
216 -0.014 -2.333
217 -0.009 -2.342
218  0.003 -2.339
219  0.011 -2.328
220  0.002 -2.326
221  0.006 -2.320
222  0.007 -2.313
223  0.017 -2.296
224  0.007 -2.289
225 -0.049 -2.338
226 -0.038 -2.376
227  0.033 -2.343
228  0.001 -2.342
229 -0.026 -2.368
230 -0.084 -2.452
231 -0.086 -2.538
232 -0.059 -2.597
233 -0.038 -2.635
234  0.005 -2.630
235 -0.019 -2.649
236 -0.034 -2.683
237 -0.015 -2.698
238  0.001 -2.697
239 -0.014 -2.711
240 -0.046 -2.757
241 -0.042 -2.799
242 -0.058 -2.857
243 -0.098 -2.955
244 -0.165 -3.120
245 -0.037 -3.157
246 -0.021 -3.178
247  0.000 -3.178
248  0.006 -3.172
249  0.024 -3.148
250  0.068 -3.080
251  0.038 -3.042
252  0.042 -3.000
253  0.060 -2.940
254  0.032 -2.908
255 -0.017 -2.925
256 -0.075 -3.000
257 -0.052 -3.052
258 -0.038 -3.090
259  0.030 -3.060
260  0.004 -3.056
261 -0.004 -3.060
262  0.000 -3.060
263 -0.038 -3.098
264 -0.053 -3.151
265 -0.062 -3.213
266 -0.111 -3.324
267 -0.033 -3.357
268 -0.019 -3.376
269 -0.051 -3.427
270  0.011   NaN 
271  0.010   NaN 
272  0.026   NaN 
273  0.005   NaN 
274 -0.012   NaN 
275 -0.007   NaN 
276 -0.030   NaN 
277  0.000   NaN 
278 -0.002   NaN 
279  0.002   NaN 
280  0.031   NaN 
281  0.071   NaN 
282  0.046   NaN 
283  0.018   NaN 
284  0.029   NaN 
285  0.097   NaN 
286 -0.002   NaN 
287 -0.008   NaN 
288  0.013   NaN 
289  0.192   NaN 
290  0.229   NaN 
291  0.090   NaN 
292  0.095   NaN 
293  0.176   NaN 
294  0.108   NaN 
295  0.029   NaN 
296  0.007   NaN 
297 -0.022   NaN 
298 -0.011   NaN 
299 -0.011   NaN 
300 -0.015   NaN 
301 -0.007   NaN 
302 -0.036   NaN 
303 -0.002   NaN 
304 -0.015   NaN 
305 -0.009   NaN 
306  0.000   NaN 
307 -0.003   NaN 
308  0.000   NaN 
309 -0.002   NaN 
310 -0.002   NaN 
311 -0.002   NaN 
312  0.000   NaN 
313  0.002   NaN 
314  0.004   NaN 
315  0.017   NaN 
316 -0.006   NaN 
317  0.016   NaN 
318  0.060   NaN 
319  0.018   NaN 
320  0.128   NaN 
321  0.069   NaN 
322  0.289   NaN 
323  0.353   NaN 
324 -0.003   NaN 
325 -0.014   NaN 
326 -0.011   NaN 
327  0.020   NaN 
328 -0.010   NaN 
329  0.063   NaN 
330  0.002   NaN 
331 -0.006   NaN 
332  0.111   NaN 
333  0.086   NaN 
334 -0.003   NaN 
335 -0.002   NaN 
336  0.055   NaN 
337  0.080   NaN 
338  0.006   NaN 
339  0.128   NaN 
340  0.074   NaN 
341  0.036   NaN 
342 -0.001   NaN 
343  0.003   NaN 
344  0.008   NaN 
345  0.009   NaN 
346  0.150   NaN 
347  0.032   NaN 
348  0.025   NaN 
349 -0.002   NaN 
350  0.092   NaN 
351  0.097   NaN 
352 -0.007   NaN 
353  0.004   NaN 
354  0.046   NaN 
355  0.010   NaN 
356  0.001   NaN 
357 -0.004   NaN 
358  0.079   NaN 
359  0.044   NaN 
360 -0.005   NaN 
361  0.016   NaN 
362  0.030   NaN 
363  0.005   NaN 
364 -0.010   NaN 
365  0.010   NaN 
