# Spring transition day: 112 (95% confidence interval: 100 - 140 )
#
# column 1:  yearday 2004 (UTC)
# column 2:  northward windstress (Newtons/m2)
# column 3:  cumulative-from-spring-transition northward windstress
#                [ending at fall transition]      (Newtons/m2*days)
  1 -0.007   NaN 
  2  0.000   NaN 
  3  0.021   NaN 
  4 -0.006   NaN 
  5 -0.002   NaN 
  6 -0.009   NaN 
  7  0.068   NaN 
  8  0.032   NaN 
  9  0.005   NaN 
 10  0.020   NaN 
 11 -0.004   NaN 
 12  0.001   NaN 
 13  0.000   NaN 
 14  0.012   NaN 
 15  0.044   NaN 
 16  0.003   NaN 
 17  0.002   NaN 
 18  0.016   NaN 
 19  0.031   NaN 
 20 -0.001   NaN 
 21 -0.001   NaN 
 22  0.003   NaN 
 23  0.200   NaN 
 24  0.014   NaN 
 25 -0.014   NaN 
 26  0.019   NaN 
 27 -0.004   NaN 
 28  0.134   NaN 
 29  0.225   NaN 
 30  0.197   NaN 
 31  0.006   NaN 
 32  0.021   NaN 
 33  0.009   NaN 
 34  0.019   NaN 
 35 -0.008   NaN 
 36 -0.004   NaN 
 37  0.067   NaN 
 38  0.007   NaN 
 39 -0.011   NaN 
 40 -0.013   NaN 
 41 -0.010   NaN 
 42 -0.003   NaN 
 43  0.001   NaN 
 44  0.008   NaN 
 45  0.039   NaN 
 46  0.057   NaN 
 47  0.015   NaN 
 48  0.046   NaN 
 49  0.112   NaN 
 50 -0.005   NaN 
 51 -0.006   NaN 
 52 -0.001   NaN 
 53  0.003   NaN 
 54 -0.005   NaN 
 55  0.101   NaN 
 56  0.068   NaN 
 57  0.039   NaN 
 58  0.070   NaN 
 59 -0.014   NaN 
 60  0.008   NaN 
 61 -0.016   NaN 
 62 -0.054   NaN 
 63  0.006   NaN 
 64  0.004   NaN 
 65  0.052   NaN 
 66  0.021   NaN 
 67  0.048   NaN 
 68 -0.013   NaN 
 69 -0.056   NaN 
 70 -0.069   NaN 
 71 -0.036   NaN 
 72 -0.038   NaN 
 73 -0.010   NaN 
 74 -0.008   NaN 
 75 -0.015   NaN 
 76 -0.015   NaN 
 77 -0.020   NaN 
 78  0.063   NaN 
 79  0.014   NaN 
 80 -0.011   NaN 
 81  0.005   NaN 
 82  0.002   NaN 
 83  0.010   NaN 
 84  0.102   NaN 
 85  0.077   NaN 
 86  0.111   NaN 
 87  0.080   NaN 
 88 -0.009   NaN 
 89  0.020   NaN 
 90  0.043   NaN 
 91 -0.007   NaN 
 92 -0.021   NaN 
 93 -0.036   NaN 
 94 -0.002   NaN 
 95 -0.069   NaN 
 96 -0.082   NaN 
 97 -0.019   NaN 
 98  0.003   NaN 
 99 -0.030   NaN 
100 -0.054   NaN 
101 -0.021   NaN 
102  0.018   NaN 
103  0.017   NaN 
104  0.027   NaN 
105  0.132   NaN 
106  0.043   NaN 
107  0.033   NaN 
108 -0.001   NaN 
109  0.027   NaN 
110  0.041   NaN 
111  0.115   NaN 
112  0.040  0.000
113 -0.025 -0.025
114 -0.027 -0.052
115 -0.066 -0.118
116 -0.052 -0.170
117 -0.033 -0.203
118 -0.041 -0.244
119 -0.052 -0.296
120 -0.033 -0.329
121 -0.020 -0.349
122  0.010 -0.339
123 -0.006 -0.345
124 -0.014 -0.359
125  0.011 -0.348
126  0.001 -0.347
127 -0.003 -0.350
128  0.011 -0.339
129  0.022 -0.317
130  0.018 -0.299
131 -0.038 -0.337
132 -0.017 -0.354
133 -0.005 -0.359
134 -0.017 -0.376
135 -0.022 -0.398
136 -0.018 -0.416
137  0.001 -0.415
138 -0.033 -0.448
139 -0.009 -0.457
140  0.009 -0.448
141 -0.017 -0.465
142 -0.006 -0.471
143  0.019 -0.452
144  0.008 -0.444
145 -0.017 -0.461
146 -0.058 -0.519
147  0.022 -0.497
148  0.046 -0.451
149  0.015 -0.436
150  0.013 -0.423
151  0.037 -0.386
152 -0.001 -0.387
153 -0.009 -0.396
154 -0.048 -0.444
155 -0.032 -0.476
156  0.005 -0.471
157  0.054 -0.417
158  0.055 -0.362
159  0.007 -0.355
160 -0.024 -0.379
161 -0.011 -0.390
162 -0.009 -0.399
163 -0.009 -0.408
164  0.001 -0.407
165  0.064 -0.343
166 -0.015 -0.358
167 -0.069 -0.427
168 -0.108 -0.535
169 -0.050 -0.585
170  0.035 -0.550
171  0.005 -0.545
172 -0.005 -0.550
173 -0.001 -0.551
174  0.000 -0.551
175 -0.010 -0.561
176 -0.015 -0.576
177 -0.006 -0.582
178  0.000 -0.582
179 -0.013 -0.595
180 -0.149 -0.744
181 -0.099 -0.843
182 -0.037 -0.880
183 -0.014 -0.894
184  0.004 -0.890
185 -0.013 -0.903
186 -0.038 -0.941
187 -0.065 -1.006
188 -0.042 -1.048
189 -0.015 -1.063
190 -0.022 -1.085
191 -0.008 -1.093
192  0.002 -1.091
193 -0.016 -1.107
194 -0.026 -1.133
195  0.018 -1.115
196 -0.009 -1.124
197  0.008 -1.116
198 -0.006 -1.122
199 -0.013 -1.135
200  0.014 -1.121
201  0.029 -1.092
202  0.011 -1.081
203 -0.050 -1.131
204 -0.074 -1.205
205 -0.011 -1.216
206  0.008 -1.208
207 -0.029 -1.237
208 -0.050 -1.287
209 -0.033 -1.320
210 -0.036 -1.356
211 -0.013 -1.369
212 -0.035 -1.404
213 -0.009 -1.413
214 -0.026 -1.439
215 -0.012 -1.451
216  0.004 -1.447
217 -0.001 -1.448
218  0.002 -1.446
219  0.084 -1.362
220  0.035 -1.327
221 -0.064 -1.391
222 -0.007 -1.398
223  0.012 -1.386
224 -0.057 -1.443
225 -0.056 -1.499
226 -0.041 -1.540
227 -0.016 -1.556
228  0.014 -1.542
229 -0.002 -1.544
230 -0.003 -1.547
231 -0.035 -1.582
232 -0.079 -1.661
233 -0.040 -1.701
234 -0.024 -1.725
235  0.050   NaN 
236  0.054   NaN 
237  0.137   NaN 
238  0.130   NaN 
239  0.024   NaN 
240 -0.006   NaN 
241 -0.034   NaN 
242 -0.041   NaN 
243 -0.037   NaN 
244 -0.031   NaN 
245 -0.005   NaN 
246  0.001   NaN 
247 -0.008   NaN 
248 -0.011   NaN 
249 -0.022   NaN 
250 -0.042   NaN 
251 -0.030   NaN 
252 -0.010   NaN 
253  0.002   NaN 
254  0.007   NaN 
255  0.081   NaN 
256 -0.001   NaN 
257  0.040   NaN 
258  0.009   NaN 
259  0.074   NaN 
260  0.014   NaN 
261  0.043   NaN 
262  0.034   NaN 
263  0.015   NaN 
264  0.003   NaN 
265 -0.010   NaN 
266 -0.022   NaN 
267 -0.017   NaN 
268 -0.028   NaN 
269 -0.011   NaN 
270 -0.011   NaN 
271 -0.036   NaN 
272 -0.037   NaN 
273 -0.001   NaN 
274 -0.003   NaN 
275 -0.002   NaN 
276  0.004   NaN 
277 -0.014   NaN 
278 -0.031   NaN 
279  0.000   NaN 
280  0.056   NaN 
281  0.000   NaN 
282  0.037   NaN 
283  0.049   NaN 
284  0.000   NaN 
285 -0.021   NaN 
286 -0.031   NaN 
287 -0.030   NaN 
288 -0.038   NaN 
289 -0.092   NaN 
290  0.008   NaN 
291  0.158   NaN 
292  0.073   NaN 
293  0.071   NaN 
294  0.025   NaN 
295  0.013   NaN 
296  0.070   NaN 
297  0.026   NaN 
298  0.007   NaN 
299  0.006   NaN 
300  0.007   NaN 
301  0.002   NaN 
302  0.008   NaN 
303  0.006   NaN 
304  0.055   NaN 
305 -0.008   NaN 
306  0.018   NaN 
307  0.103   NaN 
308 -0.032   NaN 
309 -0.033   NaN 
310 -0.012   NaN 
311 -0.013   NaN 
312 -0.004   NaN 
313 -0.005   NaN 
314  0.010   NaN 
315 -0.003   NaN 
316 -0.002   NaN 
317  0.004   NaN 
318  0.006   NaN 
319 -0.005   NaN 
320  0.056   NaN 
321  0.011   NaN 
322  0.009   NaN 
323  0.014   NaN 
324 -0.008   NaN 
325 -0.009   NaN 
326 -0.007   NaN 
327 -0.005   NaN 
328  0.013   NaN 
329  0.071   NaN 
330  0.130   NaN 
331 -0.010   NaN 
332 -0.010   NaN 
333 -0.020   NaN 
334  0.000   NaN 
335  0.008   NaN 
336 -0.008   NaN 
337 -0.007   NaN 
338  0.002   NaN 
339 -0.002   NaN 
340 -0.001   NaN 
341  0.026   NaN 
342  0.098   NaN 
343  0.233   NaN 
344  0.064   NaN 
345  0.218   NaN 
346  0.087   NaN 
347 -0.010   NaN 
348  0.041   NaN 
349  0.152   NaN 
350  0.008   NaN 
351 -0.003   NaN 
352 -0.004   NaN 
353 -0.005   NaN 
354 -0.004   NaN 
355 -0.017   NaN 
356 -0.009   NaN 
357 -0.023   NaN 
358 -0.013   NaN 
359 -0.019   NaN 
360  0.126   NaN 
361  0.116   NaN 
362 -0.006   NaN 
363 -0.002   NaN 
364  0.009   NaN 
365  0.014   NaN 
366  0.031   NaN 
