# Spring transition day: 142 (95% confidence interval: 132 - 178 )
#
# column 1:  yearday 2005 (UTC)
# column 2:  northward windstress (Newtons/m2)
# column 3:  cumulative-from-spring-transition northward windstress
#                [ending at fall transition]      (Newtons/m2*days)
  1  0.040   NaN 
  2  0.002   NaN 
  3 -0.007   NaN 
  4 -0.005   NaN 
  5 -0.002   NaN 
  6  0.016   NaN 
  7  0.051   NaN 
  8  0.033   NaN 
  9  0.007   NaN 
 10  0.000   NaN 
 11 -0.005   NaN 
 12  0.022   NaN 
 13  0.006   NaN 
 14 -0.002   NaN 
 15 -0.002   NaN 
 16  0.015   NaN 
 17  0.082   NaN 
 18  0.215   NaN 
 19  0.029   NaN 
 20  0.025   NaN 
 21  0.012   NaN 
 22  0.018   NaN 
 23  0.015   NaN 
 24  0.008   NaN 
 25 -0.002   NaN 
 26  0.015   NaN 
 27  0.047   NaN 
 28  0.010   NaN 
 29  0.075   NaN 
 30  0.006   NaN 
 31  0.005   NaN 
 32 -0.003   NaN 
 33 -0.003   NaN 
 34 -0.014   NaN 
 35 -0.010   NaN 
 36 -0.012   NaN 
 37  0.025   NaN 
 38  0.007   NaN 
 39 -0.006   NaN 
 40 -0.007   NaN 
 41 -0.013   NaN 
 42  0.005   NaN 
 43  0.013   NaN 
 44 -0.014   NaN 
 45 -0.013   NaN 
 46 -0.022   NaN 
 47 -0.002   NaN 
 48 -0.005   NaN 
 49 -0.005   NaN 
 50  0.010   NaN 
 51 -0.011   NaN 
 52 -0.006   NaN 
 53 -0.007   NaN 
 54 -0.001   NaN 
 55  0.015   NaN 
 56 -0.002   NaN 
 57 -0.002   NaN 
 58  0.005   NaN 
 59  0.070   NaN 
 60  0.064   NaN 
 61  0.035   NaN 
 62  0.010   NaN 
 63  0.014   NaN 
 64  0.000   NaN 
 65 -0.004   NaN 
 66 -0.007   NaN 
 67  0.000   NaN 
 68  0.002   NaN 
 69  0.003   NaN 
 70 -0.050   NaN 
 71 -0.093   NaN 
 72 -0.026   NaN 
 73 -0.014   NaN 
 74  0.005   NaN 
 75  0.035   NaN 
 76  0.009   NaN 
 77 -0.014   NaN 
 78  0.042   NaN 
 79  0.376   NaN 
 80  0.029   NaN 
 81  0.006   NaN 
 82 -0.005   NaN 
 83  0.007   NaN 
 84  0.015   NaN 
 85  0.174   NaN 
 86  0.411   NaN 
 87  0.041   NaN 
 88  0.054   NaN 
 89  0.004   NaN 
 90  0.017   NaN 
 91  0.092   NaN 
 92  0.028   NaN 
 93  0.070   NaN 
 94 -0.004   NaN 
 95  0.030   NaN 
 96  0.043   NaN 
 97  0.017   NaN 
 98 -0.003   NaN 
 99 -0.071   NaN 
100  0.014   NaN 
101  0.052   NaN 
102  0.037   NaN 
103  0.043   NaN 
104  0.013   NaN 
105  0.022   NaN 
106  0.164   NaN 
107  0.008   NaN 
108 -0.012   NaN 
109 -0.048   NaN 
110 -0.044   NaN 
111 -0.025   NaN 
112 -0.038   NaN 
113  0.079   NaN 
114  0.021   NaN 
115 -0.009   NaN 
116 -0.026   NaN 
117 -0.047   NaN 
118  0.008   NaN 
119  0.049   NaN 
120  0.005   NaN 
121 -0.011   NaN 
122 -0.011   NaN 
123 -0.015   NaN 
124  0.021   NaN 
125 -0.005   NaN 
126 -0.018   NaN 
127  0.012   NaN 
128  0.016   NaN 
129  0.001   NaN 
130  0.002   NaN 
131 -0.005   NaN 
132 -0.010   NaN 
133  0.001   NaN 
134  0.009   NaN 
135  0.053   NaN 
136  0.027   NaN 
137  0.008   NaN 
138  0.066   NaN 
139  0.186   NaN 
140  0.065   NaN 
141  0.031   NaN 
142  0.084  0.000
143 -0.016 -0.016
144 -0.099 -0.115
145 -0.074 -0.189
146  0.005 -0.184
147  0.028 -0.156
148  0.039 -0.117
149  0.023 -0.094
150 -0.011 -0.105
151 -0.020 -0.125
152 -0.003 -0.128
153 -0.039 -0.167
154 -0.024 -0.191
155 -0.014 -0.205
156  0.027 -0.178
157  0.052 -0.126
158  0.033 -0.093
159 -0.007 -0.100
160 -0.031 -0.131
161  0.010 -0.121
162 -0.023 -0.144
163 -0.016 -0.160
164  0.015 -0.145
165 -0.042 -0.187
166 -0.009 -0.196
167  0.021 -0.175
168  0.053 -0.122
169  0.020 -0.102
170 -0.009 -0.111
171  0.003 -0.108
172  0.013 -0.095
173 -0.001 -0.096
174 -0.064 -0.160
175 -0.106 -0.266
176 -0.045 -0.311
177 -0.015 -0.326
178  0.029 -0.297
179 -0.006 -0.303
180 -0.031 -0.334
181 -0.043 -0.377
182 -0.035 -0.412
183 -0.014 -0.426
184 -0.019 -0.445
185 -0.010 -0.455
186  0.001 -0.454
187  0.041 -0.413
188 -0.005 -0.418
189  0.048 -0.370
190  0.027 -0.343
191  0.016 -0.327
192  0.074 -0.253
193  0.006 -0.247
194 -0.056 -0.303
195 -0.127 -0.430
196 -0.062 -0.492
197 -0.024 -0.516
198 -0.076 -0.592
199 -0.066 -0.658
200 -0.119 -0.777
201 -0.088 -0.865
202 -0.103 -0.968
203 -0.006 -0.974
204 -0.036 -1.010
205 -0.128 -1.138
206 -0.045 -1.183
207 -0.085 -1.268
208 -0.140 -1.408
209 -0.115 -1.523
210 -0.056 -1.579
211 -0.034 -1.613
212 -0.013 -1.626
213 -0.013 -1.639
214 -0.071 -1.710
215 -0.070 -1.780
216 -0.028 -1.808
217 -0.051 -1.859
218 -0.090 -1.949
219 -0.061 -2.010
220 -0.078 -2.088
221 -0.040 -2.128
222 -0.023 -2.151
223 -0.029 -2.180
224 -0.046 -2.226
225 -0.068 -2.294
226 -0.065 -2.359
227 -0.062 -2.421
228 -0.011 -2.432
229 -0.001 -2.433
230 -0.013 -2.446
231 -0.033 -2.479
232 -0.010 -2.489
233 -0.002 -2.491
234 -0.042 -2.533
235 -0.048 -2.581
236 -0.039 -2.620
237 -0.041 -2.661
238  0.026 -2.635
239 -0.007 -2.642
240 -0.002 -2.644
241  0.024 -2.620
242  0.001 -2.619
243 -0.041 -2.660
244 -0.051 -2.711
245 -0.012 -2.723
246 -0.003 -2.726
247 -0.004 -2.730
248 -0.012 -2.742
249 -0.022 -2.764
250 -0.047 -2.811
251 -0.148 -2.959
252 -0.035 -2.994
253  0.027 -2.967
254  0.012 -2.955
255 -0.004 -2.959
256 -0.011 -2.970
257 -0.019 -2.989
258 -0.002 -2.991
259 -0.006 -2.997
260  0.002 -2.995
261 -0.007 -3.002
262 -0.021 -3.023
263 -0.040 -3.063
264 -0.076 -3.139
265 -0.056 -3.195
266 -0.048 -3.243
267 -0.009 -3.252
268 -0.021 -3.273
269 -0.060 -3.333
270 -0.048 -3.381
271 -0.006 -3.387
272 -0.002 -3.389
273  0.048   NaN 
274  0.013   NaN 
275  0.048   NaN 
276  0.029   NaN 
277  0.009   NaN 
278  0.001   NaN 
279  0.002   NaN 
280  0.030   NaN 
281  0.011   NaN 
282  0.057   NaN 
283  0.003   NaN 
284 -0.006   NaN 
285 -0.007   NaN 
286  0.011   NaN 
287  0.040   NaN 
288  0.115   NaN 
289  0.005   NaN 
290 -0.003   NaN 
291 -0.003   NaN 
292  0.131   NaN 
293  0.075   NaN 
294  0.004   NaN 
295  0.004   NaN 
296 -0.004   NaN 
297 -0.004   NaN 
298  0.032   NaN 
299  0.053   NaN 
300  0.001   NaN 
301  0.066   NaN 
302  0.048   NaN 
303 -0.007   NaN 
304  0.264   NaN 
305  0.031   NaN 
306  0.007   NaN 
307  0.114   NaN 
308  0.080   NaN 
309  0.092   NaN 
310  0.071   NaN 
311 -0.004   NaN 
312  0.001   NaN 
313 -0.007   NaN 
314  0.029   NaN 
315  0.045   NaN 
316  0.051   NaN 
317  0.119   NaN 
318 -0.001   NaN 
319 -0.008   NaN 
320 -0.009   NaN 
321 -0.013   NaN 
322 -0.009   NaN 
323 -0.003   NaN 
324 -0.006   NaN 
325 -0.006   NaN 
326 -0.001   NaN 
327 -0.001   NaN 
328  0.002   NaN 
329 -0.003   NaN 
330 -0.009   NaN 
331  0.010   NaN 
332 -0.004   NaN 
333  0.042   NaN 
334  0.017   NaN 
335  0.004   NaN 
336  0.051   NaN 
337 -0.006   NaN 
338  0.001   NaN 
339 -0.004   NaN 
340 -0.005   NaN 
341 -0.001   NaN 
342 -0.004   NaN 
343 -0.009   NaN 
344 -0.006   NaN 
345 -0.002   NaN 
346 -0.002   NaN 
347 -0.003   NaN 
348 -0.005   NaN 
349 -0.002   NaN 
350  0.002   NaN 
351  0.004   NaN 
352 -0.005   NaN 
353  0.027   NaN 
354  0.069   NaN 
355  0.112   NaN 
356  0.369   NaN 
357  0.134   NaN 
358  0.159   NaN 
359  0.222   NaN 
360  0.063   NaN 
361  0.136   NaN 
362  0.096   NaN 
363  0.023   NaN 
364  0.161   NaN 
365  0.059   NaN 
