# Spring transition day: 110 (95% confidence interval: 106 - 128 )
#
# column 1:  yearday 2006 (UTC)
# column 2:  northward windstress (Newtons/m2)
# column 3:  cumulative-from-spring-transition northward windstress
#                [ending at fall transition]      (Newtons/m2*days)
  1  0.087   NaN 
  2  0.045   NaN 
  3  0.021   NaN 
  4  0.035   NaN 
  5  0.049   NaN 
  6  0.066   NaN 
  7  0.052   NaN 
  8  0.035   NaN 
  9  0.133   NaN 
 10  0.339   NaN 
 11  0.086   NaN 
 12  0.073   NaN 
 13  0.126   NaN 
 14 -0.014   NaN 
 15 -0.005   NaN 
 16  0.132   NaN 
 17  0.194   NaN 
 18  0.011   NaN 
 19  0.016   NaN 
 20  0.093   NaN 
 21  0.007   NaN 
 22  0.005   NaN 
 23  0.009   NaN 
 24  0.019   NaN 
 25  0.059   NaN 
 26  0.062   NaN 
 27  0.165   NaN 
 28  0.223   NaN 
 29  0.154   NaN 
 30  0.619   NaN 
 31  0.040   NaN 
 32  0.298   NaN 
 33  0.074   NaN 
 34  0.043   NaN 
 35  0.247   NaN 
 36 -0.010   NaN 
 37  0.003   NaN 
 38  0.004   NaN 
 39 -0.014   NaN 
 40 -0.021   NaN 
 41  0.001   NaN 
 42  0.000   NaN 
 43 -0.001   NaN 
 44 -0.056   NaN 
 45 -0.087   NaN 
 46 -0.003   NaN 
 47 -0.009   NaN 
 48 -0.006   NaN 
 49 -0.004   NaN 
 50 -0.007   NaN 
 51 -0.009   NaN 
 52  0.005   NaN 
 53 -0.010   NaN 
 54  0.009   NaN 
 55 -0.010   NaN 
 56 -0.007   NaN 
 57  0.000   NaN 
 58  0.039   NaN 
 59 -0.006   NaN 
 60  0.022   NaN 
 61  0.078   NaN 
 62 -0.004   NaN 
 63  0.015   NaN 
 64  0.028   NaN 
 65  0.107   NaN 
 66  0.046   NaN 
 67  0.080   NaN 
 68  0.069   NaN 
 69  0.004   NaN 
 70  0.002   NaN 
 71 -0.001   NaN 
 72  0.007   NaN 
 73  0.033   NaN 
 74  0.055   NaN 
 75  0.044   NaN 
 76  0.046   NaN 
 77 -0.057   NaN 
 78 -0.003   NaN 
 79 -0.006   NaN 
 80  0.020   NaN 
 81  0.115   NaN 
 82  0.032   NaN 
 83  0.079   NaN 
 84  0.004   NaN 
 85  0.003   NaN 
 86  0.004   NaN 
 87  0.002   NaN 
 88  0.032   NaN 
 89  0.023   NaN 
 90  0.020   NaN 
 91  0.034   NaN 
 92  0.024   NaN 
 93  0.038   NaN 
 94  0.022   NaN 
 95 -0.028   NaN 
 96  0.029   NaN 
 97  0.002   NaN 
 98  0.072   NaN 
 99  0.034   NaN 
100  0.000   NaN 
101  0.000   NaN 
102 -0.029   NaN 
103 -0.023   NaN 
104  0.086   NaN 
105  0.040   NaN 
106  0.070   NaN 
107  0.012   NaN 
108 -0.002   NaN 
109 -0.003   NaN 
110  0.006  0.000
111 -0.131 -0.131
112 -0.183 -0.314
113 -0.078 -0.392
114  0.030 -0.362
115  0.024 -0.338
116 -0.047 -0.385
117 -0.021 -0.406
118 -0.052 -0.458
119 -0.069 -0.527
120 -0.080 -0.607
121 -0.164 -0.771
122 -0.132 -0.903
123 -0.102 -1.005
124 -0.066 -1.071
125  0.002 -1.069
126 -0.004 -1.073
127  0.031 -1.042
128 -0.022 -1.064
129 -0.072 -1.136
130 -0.070 -1.206
131 -0.042 -1.248
132 -0.025 -1.273
133 -0.052 -1.325
134 -0.048 -1.373
135 -0.020 -1.393
136  0.033 -1.360
137 -0.042 -1.402
138 -0.043 -1.445
139 -0.021 -1.466
140 -0.001 -1.467
141 -0.011 -1.478
142  0.056 -1.422
143  0.097 -1.325
144  0.045 -1.280
145  0.037 -1.243
146  0.038 -1.205
147  0.023 -1.182
148  0.015 -1.167
149  0.003 -1.164
150 -0.002 -1.166
151  0.001 -1.165
152  0.027 -1.138
153  0.046 -1.092
154  0.004 -1.088
155  0.056 -1.032
156  0.001 -1.031
157 -0.081 -1.112
158 -0.067 -1.179
159 -0.044 -1.223
160 -0.029 -1.252
161 -0.022 -1.274
162 -0.028 -1.302
163 -0.007 -1.309
164  0.019 -1.290
165  0.053 -1.237
166  0.034 -1.203
167  0.024 -1.179
168 -0.009 -1.188
169 -0.071 -1.259
170 -0.071 -1.330
171 -0.055 -1.385
172 -0.071 -1.456
173 -0.080 -1.536
174 -0.094 -1.630
175 -0.094 -1.724
176 -0.090 -1.814
177 -0.075 -1.889
178 -0.047 -1.936
179 -0.077 -2.013
180 -0.082 -2.095
181 -0.042 -2.137
182 -0.059 -2.196
183 -0.059 -2.255
184 -0.016 -2.271
185 -0.020 -2.291
186  0.001 -2.290
187  0.000 -2.290
188 -0.016 -2.306
189 -0.026 -2.332
190 -0.017 -2.349
191 -0.011 -2.360
192 -0.013 -2.373
193  0.033 -2.340
194  0.026 -2.314
195 -0.002 -2.316
196 -0.022 -2.338
197 -0.060 -2.398
198 -0.030 -2.428
199 -0.052 -2.480
200 -0.054 -2.534
201 -0.049 -2.583
202 -0.041 -2.624
203 -0.034 -2.658
204 -0.034 -2.692
205 -0.026 -2.718
206 -0.071 -2.789
207 -0.127 -2.916
208 -0.157 -3.073
209 -0.032 -3.105
210 -0.007 -3.112
211  0.007 -3.105
212 -0.010 -3.115
213 -0.025 -3.140
214 -0.027 -3.167
215 -0.121 -3.288
216 -0.144 -3.432
217 -0.070 -3.502
218 -0.049 -3.551
219 -0.061 -3.612
220 -0.003 -3.615
221 -0.014 -3.629
222 -0.060 -3.689
223 -0.016 -3.705
224 -0.051 -3.756
225 -0.104 -3.860
226 -0.097 -3.957
227 -0.007 -3.964
228 -0.002 -3.966
229 -0.017 -3.983
230 -0.061 -4.044
231 -0.071 -4.115
232 -0.035 -4.150
233 -0.004 -4.154
234 -0.020 -4.174
235 -0.034 -4.208
236 -0.025 -4.233
237 -0.049 -4.282
238 -0.082 -4.364
239 -0.077 -4.441
240 -0.028 -4.469
241  0.003 -4.466
242  0.001 -4.465
243 -0.038 -4.503
244 -0.057 -4.560
245  0.009 -4.551
246  0.002 -4.549
247 -0.021 -4.570
248 -0.052 -4.622
249 -0.065 -4.687
250 -0.029 -4.716
251 -0.018 -4.734
252  0.002 -4.732
253 -0.025 -4.757
254 -0.031 -4.788
255 -0.041 -4.829
256 -0.088 -4.917
257  0.004 -4.913
258  0.032 -4.881
259  0.033 -4.848
260  0.006 -4.842
261  0.015 -4.827
262  0.024 -4.803
263  0.021 -4.782
264  0.028 -4.754
265 -0.016 -4.770
266 -0.037 -4.807
267 -0.014 -4.821
268 -0.011 -4.832
269 -0.021 -4.853
270 -0.001 -4.854
271 -0.021 -4.875
272 -0.052 -4.927
273 -0.021 -4.948
274 -0.010 -4.958
275 -0.013 -4.971
276 -0.018 -4.989
277 -0.016 -5.005
278 -0.004 -5.009
279 -0.009 -5.018
280 -0.012 -5.030
281 -0.006 -5.036
282 -0.008 -5.044
283 -0.014 -5.058
284 -0.017 -5.075
285 -0.012 -5.087
286 -0.025 -5.112
287 -0.040 -5.152
288  0.074 -5.078
289  0.062 -5.016
290 -0.001 -5.017
291 -0.007 -5.024
292  0.041 -4.983
293 -0.008 -4.991
294 -0.018 -5.009
295 -0.002 -5.011
296 -0.056 -5.067
297 -0.031 -5.098
298  0.000 -5.098
299 -0.005 -5.103
300 -0.011 -5.114
301 -0.021 -5.135
302 -0.020 -5.155
303 -0.013 -5.168
304 -0.011 -5.179
305  0.008   NaN 
306  0.034   NaN 
307  0.226   NaN 
308  0.237   NaN 
309  0.176   NaN 
310  0.400   NaN 
311  0.277   NaN 
312  0.059   NaN 
313  0.033   NaN 
314  0.116   NaN 
315  0.077   NaN 
316  0.087   NaN 
317  0.236   NaN 
318 -0.026   NaN 
319  0.232   NaN 
320  0.193   NaN 
321 -0.007   NaN 
322 -0.001   NaN 
323  0.062   NaN 
324  0.059   NaN 
325  0.185   NaN 
326  0.101   NaN 
327  0.085   NaN 
328  0.055   NaN 
329 -0.017   NaN 
330  0.138   NaN 
331  0.005   NaN 
332 -0.041   NaN 
333 -0.003   NaN 
334  0.058   NaN 
335  0.001   NaN 
336 -0.003   NaN 
337 -0.002   NaN 
338 -0.001   NaN 
339  0.002   NaN 
340  0.002   NaN 
341  0.003   NaN 
342  0.001   NaN 
343  0.018   NaN 
344  0.080   NaN 
345  0.170   NaN 
346  0.129   NaN 
347  0.174   NaN 
348  0.235   NaN 
349  0.282   NaN 
350 -0.014   NaN 
351 -0.002   NaN 
352  0.004   NaN 
353  0.007   NaN 
354  0.007   NaN 
355  0.058   NaN 
356 -0.008   NaN 
357  0.108   NaN 
358  0.041   NaN 
359  0.072   NaN 
360  0.020   NaN 
361 -0.190   NaN 
362 -0.061   NaN 
363  0.004   NaN 
364 -0.003   NaN 
365  0.003   NaN 
