# Spring transition day: 117 (95% confidence interval: 110 - 129 )
#
# column 1:  yearday 2007 (UTC)
# column 2:  northward windstress (Newtons/m2)
# column 3:  cumulative-from-spring-transition northward windstress
#                [ending at fall transition]      (Newtons/m2*days)
  1 -0.009   NaN 
  2  0.199   NaN 
  3  0.080   NaN 
  4 -0.025   NaN 
  5  0.009   NaN 
  6  0.097   NaN 
  7  0.083   NaN 
  8  0.029   NaN 
  9  0.015   NaN 
 10 -0.006   NaN 
 11 -0.017   NaN 
 12 -0.002   NaN 
 13 -0.001   NaN 
 14 -0.001   NaN 
 15 -0.002   NaN 
 16  0.000   NaN 
 17 -0.001   NaN 
 18  0.000   NaN 
 19  0.000   NaN 
 20 -0.009   NaN 
 21  0.017   NaN 
 22  0.027   NaN 
 23  0.042   NaN 
 24  0.027   NaN 
 25  0.005   NaN 
 26 -0.018   NaN 
 27 -0.004   NaN 
 28 -0.002   NaN 
 29  0.003   NaN 
 30 -0.016   NaN 
 31 -0.009   NaN 
 32 -0.005   NaN 
 33  0.002   NaN 
 34  0.044   NaN 
 35  0.015   NaN 
 36  0.003   NaN 
 37  0.024   NaN 
 38  0.047   NaN 
 39 -0.006   NaN 
 40  0.030   NaN 
 41  0.007   NaN 
 42  0.099   NaN 
 43  0.060   NaN 
 44  0.001   NaN 
 45  0.022   NaN 
 46  0.143   NaN 
 47  0.052   NaN 
 48  0.027   NaN 
 49  0.011   NaN 
 50  0.069   NaN 
 51  0.130   NaN 
 52  0.012   NaN 
 53  0.017   NaN 
 54 -0.002   NaN 
 55  0.201   NaN 
 56  0.098   NaN 
 57  0.031   NaN 
 58  0.076   NaN 
 59  0.006   NaN 
 60  0.005   NaN 
 61  0.079   NaN 
 62  0.036   NaN 
 63 -0.005   NaN 
 64  0.024   NaN 
 65  0.009   NaN 
 66  0.057   NaN 
 67  0.064   NaN 
 68  0.049   NaN 
 69  0.106   NaN 
 70  0.149   NaN 
 71  0.059   NaN 
 72 -0.024   NaN 
 73 -0.014   NaN 
 74 -0.016   NaN 
 75 -0.004   NaN 
 76  0.011   NaN 
 77  0.045   NaN 
 78  0.071   NaN 
 79  0.019   NaN 
 80 -0.015   NaN 
 81  0.000   NaN 
 82 -0.001   NaN 
 83  0.046   NaN 
 84  0.033   NaN 
 85  0.020   NaN 
 86 -0.031   NaN 
 87 -0.066   NaN 
 88 -0.017   NaN 
 89 -0.013   NaN 
 90  0.012   NaN 
 91 -0.025   NaN 
 92 -0.011   NaN 
 93 -0.013   NaN 
 94  0.004   NaN 
 95 -0.001   NaN 
 96 -0.003   NaN 
 97  0.035   NaN 
 98  0.051   NaN 
 99  0.090   NaN 
100  0.009   NaN 
101  0.019   NaN 
102  0.020   NaN 
103  0.024   NaN 
104  0.049   NaN 
105 -0.030   NaN 
106 -0.003   NaN 
107  0.024   NaN 
108 -0.010   NaN 
109  0.002   NaN 
110 -0.024   NaN 
111  0.011   NaN 
112  0.027   NaN 
113 -0.005   NaN 
114  0.013   NaN 
115  0.016   NaN 
116  0.006   NaN 
117  0.004  0.000
118 -0.041 -0.041
119 -0.125 -0.166
120 -0.071 -0.237
121 -0.002 -0.239
122  0.076 -0.163
123  0.035 -0.128
124  0.002 -0.126
125 -0.012 -0.138
126 -0.011 -0.149
127 -0.028 -0.177
128 -0.065 -0.242
129 -0.096 -0.338
130 -0.111 -0.449
131 -0.077 -0.526
132 -0.096 -0.622
133 -0.021 -0.643
134 -0.061 -0.704
135 -0.015 -0.719
136 -0.010 -0.729
137 -0.047 -0.776
138 -0.020 -0.796
139  0.028 -0.768
140  0.025 -0.743
141  0.000 -0.743
142 -0.037 -0.780
143 -0.048 -0.828
144 -0.037 -0.865
145 -0.027 -0.892
146 -0.011 -0.903
147 -0.051 -0.954
148 -0.047 -1.001
149 -0.077 -1.078
150 -0.012 -1.090
151 -0.037 -1.127
152 -0.059 -1.186
153 -0.023 -1.209
154 -0.011 -1.220
155  0.030 -1.190
156  0.041 -1.149
157  0.009 -1.140
158 -0.007 -1.147
159 -0.046 -1.193
160  0.014 -1.179
161  0.064 -1.115
162 -0.004 -1.119
163 -0.005 -1.124
164  0.007 -1.117
165 -0.017 -1.134
166 -0.037 -1.171
167 -0.046 -1.217
168 -0.011 -1.228
169 -0.047 -1.275
170 -0.043 -1.318
171 -0.005 -1.323
172  0.021 -1.302
173  0.014 -1.288
174  0.001 -1.287
175  0.011 -1.276
176 -0.017 -1.293
177 -0.033 -1.326
178  0.001 -1.325
179  0.017 -1.308
180  0.042 -1.266
181 -0.001 -1.267
182 -0.022 -1.289
183  0.003 -1.286
184  0.008 -1.278
185 -0.031 -1.309
186 -0.096 -1.405
187 -0.076 -1.481
188 -0.095 -1.576
189 -0.021 -1.597
190 -0.113 -1.710
191 -0.045 -1.755
192  0.034 -1.721
193  0.020 -1.701
194  0.003 -1.698
195  0.001 -1.697
196  0.017 -1.680
197  0.006 -1.674
198  0.003 -1.671
199  0.018 -1.653
200  0.059 -1.594
201  0.051 -1.543
202  0.093 -1.450
203  0.114 -1.336
204 -0.007 -1.343
205 -0.097 -1.440
206 -0.111 -1.551
207 -0.043 -1.594
208 -0.009 -1.603
209 -0.002 -1.605
210 -0.031 -1.636
211 -0.070 -1.706
212 -0.095 -1.801
213 -0.097 -1.898
214 -0.118 -2.016
215 -0.022 -2.038
216 -0.044 -2.082
217 -0.042 -2.124
218 -0.005 -2.129
219  0.004 -2.125
220  0.000 -2.125
221 -0.018 -2.143
222 -0.005 -2.148
223 -0.041 -2.189
224  0.002 -2.187
225 -0.009 -2.196
226 -0.010 -2.206
227  0.009 -2.197
228  0.016 -2.181
229  0.026 -2.155
230  0.009 -2.146
231  0.001 -2.145
232  0.058 -2.087
233  0.034 -2.053
234 -0.024 -2.077
235 -0.054 -2.131
236 -0.093 -2.224
237 -0.036 -2.260
238 -0.017 -2.277
239 -0.039 -2.316
240 -0.050 -2.366
241 -0.032 -2.398
242 -0.013 -2.411
243 -0.025 -2.436
244 -0.011 -2.447
245  0.003 -2.444
246  0.012 -2.432
247  0.030 -2.402
248 -0.054 -2.456
249 -0.094 -2.550
250 -0.127 -2.677
251 -0.077 -2.754
252 -0.049 -2.803
253  0.009 -2.794
254  0.013 -2.781
255  0.006 -2.775
256  0.008 -2.767
257  0.003 -2.764
258 -0.005 -2.769
259  0.008 -2.761
260  0.012 -2.749
261 -0.010 -2.759
262 -0.040 -2.799
263 -0.055 -2.854
264 -0.018 -2.872
265 -0.043 -2.915
266 -0.011 -2.926
267 -0.009 -2.935
268 -0.023 -2.958
269 -0.041 -2.999
270 -0.033 -3.032
271 -0.003 -3.035
272  0.011   NaN 
273  0.042   NaN 
274  0.075   NaN 
275  0.049   NaN 
276  0.055   NaN 
277  0.023   NaN 
278  0.002   NaN 
279  0.006   NaN 
280  0.067   NaN 
281  0.018   NaN 
282  0.012   NaN 
283  0.047   NaN 
284  0.012   NaN 
285 -0.001   NaN 
286 -0.006   NaN 
287  0.001   NaN 
288  0.028   NaN 
289  0.042   NaN 
290  0.039   NaN 
291  0.223   NaN 
292  0.134   NaN 
293  0.077   NaN 
294  0.012   NaN 
295 -0.003   NaN 
296  0.006   NaN 
297  0.007   NaN 
298 -0.058   NaN 
299 -0.065   NaN 
300 -0.012   NaN 
301 -0.005   NaN 
302 -0.007   NaN 
303 -0.022   NaN 
304 -0.018   NaN 
305 -0.026   NaN 
306 -0.021   NaN 
307 -0.013   NaN 
308 -0.026   NaN 
309 -0.025   NaN 
310 -0.009   NaN 
311 -0.002   NaN 
312  0.012   NaN 
313  0.105   NaN 
314  0.101   NaN 
315  0.001   NaN 
316  0.260   NaN 
317  0.101   NaN 
318  0.006   NaN 
319  0.159   NaN 
320  0.171   NaN 
321  0.070   NaN 
322  0.024   NaN 
323  0.007   NaN 
324 -0.001   NaN 
325 -0.004   NaN 
326 -0.001   NaN 
327 -0.002   NaN 
328 -0.002   NaN 
329 -0.004   NaN 
330 -0.001   NaN 
331 -0.019   NaN 
332  0.016   NaN 
333 -0.019   NaN 
334  0.000   NaN 
335  0.011   NaN 
336  0.406   NaN 
337  0.841   NaN 
338  0.375   NaN 
339  0.004   NaN 
340  0.037   NaN 
341 -0.075   NaN 
342 -0.023   NaN 
343  0.000   NaN 
344  0.000   NaN 
345  0.001   NaN 
346 -0.002   NaN 
347 -0.002   NaN 
348  0.004   NaN 
349  0.062   NaN 
350  0.036   NaN 
351  0.038   NaN 
352  0.021   NaN 
353  0.248   NaN 
354  0.058   NaN 
355 -0.011   NaN 
356  0.039   NaN 
357  0.104   NaN 
358  0.016   NaN 
359  0.008   NaN 
360 -0.015   NaN 
361  0.034   NaN 
362  0.082   NaN 
363  0.014   NaN 
364  0.003   NaN 
365  0.003   NaN 
