# Spring transition day: 120 (95% confidence interval: 112 - 137 )
#
# column 1:  yearday 2008 (UTC)
# column 2:  northward windstress (Newtons/m2)
# column 3:  cumulative-from-spring-transition northward windstress
#                [ending at fall transition]      (Newtons/m2*days)
  1 -0.010   NaN 
  2  0.096   NaN 
  3  0.072   NaN 
  4  0.114   NaN 
  5  0.245   NaN 
  6  0.029   NaN 
  7  0.002   NaN 
  8  0.178   NaN 
  9  0.029   NaN 
 10  0.149   NaN 
 11  0.072   NaN 
 12  0.036   NaN 
 13  0.012   NaN 
 14  0.014   NaN 
 15 -0.006   NaN 
 16 -0.005   NaN 
 17 -0.004   NaN 
 18 -0.001   NaN 
 19  0.002   NaN 
 20  0.000   NaN 
 21 -0.007   NaN 
 22 -0.004   NaN 
 23 -0.002   NaN 
 24  0.002   NaN 
 25 -0.006   NaN 
 26  0.011   NaN 
 27  0.004   NaN 
 28 -0.009   NaN 
 29  0.190   NaN 
 30  0.031   NaN 
 31  0.280   NaN 
 32  0.002   NaN 
 33  0.045   NaN 
 34 -0.008   NaN 
 35 -0.010   NaN 
 36  0.056   NaN 
 37  0.049   NaN 
 38  0.242   NaN 
 39  0.023   NaN 
 40  0.064   NaN 
 41  0.040   NaN 
 42  0.003   NaN 
 43 -0.003   NaN 
 44 -0.027   NaN 
 45 -0.017   NaN 
 46 -0.010   NaN 
 47 -0.015   NaN 
 48 -0.021   NaN 
 49 -0.002   NaN 
 50  0.021   NaN 
 51  0.012   NaN 
 52 -0.005   NaN 
 53  0.087   NaN 
 54  0.017   NaN 
 55 -0.004   NaN 
 56  0.000   NaN 
 57  0.000   NaN 
 58  0.005   NaN 
 59 -0.008   NaN 
 60  0.043   NaN 
 61  0.053   NaN 
 62 -0.014   NaN 
 63  0.010   NaN 
 64 -0.005   NaN 
 65 -0.015   NaN 
 66 -0.007   NaN 
 67  0.009   NaN 
 68  0.000   NaN 
 69 -0.008   NaN 
 70  0.050   NaN 
 71  0.084   NaN 
 72 -0.004   NaN 
 73  0.099   NaN 
 74  0.084   NaN 
 75 -0.015   NaN 
 76 -0.056   NaN 
 77  0.059   NaN 
 78  0.090   NaN 
 79  0.003   NaN 
 80  0.053   NaN 
 81  0.039   NaN 
 82 -0.007   NaN 
 83  0.075   NaN 
 84  0.025   NaN 
 85  0.013   NaN 
 86  0.043   NaN 
 87  0.007   NaN 
 88  0.022   NaN 
 89 -0.006   NaN 
 90 -0.003   NaN 
 91 -0.009   NaN 
 92 -0.036   NaN 
 93 -0.058   NaN 
 94 -0.054   NaN 
 95  0.011   NaN 
 96  0.033   NaN 
 97  0.076   NaN 
 98  0.010   NaN 
 99  0.007   NaN 
100  0.014   NaN 
101  0.005   NaN 
102 -0.021   NaN 
103 -0.016   NaN 
104 -0.012   NaN 
105 -0.021   NaN 
106 -0.012   NaN 
107  0.015   NaN 
108 -0.041   NaN 
109 -0.078   NaN 
110 -0.013   NaN 
111  0.011   NaN 
112  0.022   NaN 
113  0.003   NaN 
114  0.205   NaN 
115  0.051   NaN 
116 -0.005   NaN 
117 -0.015   NaN 
118 -0.004   NaN 
119  0.035   NaN 
120  0.015  0.000
121 -0.006 -0.006
122 -0.002 -0.008
123 -0.002 -0.010
124 -0.042 -0.052
125 -0.088 -0.140
126 -0.088 -0.228
127 -0.038 -0.266
128 -0.053 -0.319
129 -0.033 -0.352
130 -0.026 -0.378
131  0.009 -0.369
132  0.002 -0.367
133 -0.010 -0.377
134  0.002 -0.375
135  0.006 -0.369
136 -0.044 -0.413
137 -0.022 -0.435
138  0.018 -0.417
139 -0.005 -0.422
140 -0.013 -0.435
141  0.000 -0.435
142 -0.019 -0.454
143 -0.041 -0.495
144 -0.042 -0.537
145 -0.000 -0.537
146  0.001 -0.536
147 -0.024 -0.560
148 -0.002 -0.562
149 -0.014 -0.576
150 -0.002 -0.578
151 -0.016 -0.594
152 -0.030 -0.624
153 -0.003 -0.627
154 -0.006 -0.633
155  0.030 -0.603
156 -0.011 -0.614
157  0.019 -0.595
158  0.030 -0.565
159 -0.035 -0.600
160 -0.037 -0.637
161  0.011 -0.626
162  0.005 -0.621
163 -0.011 -0.632
164 -0.034 -0.666
165 -0.079 -0.745
166 -0.114 -0.859
167 -0.078 -0.937
168 -0.093 -1.030
169 -0.011 -1.041
170 -0.017 -1.058
171 -0.013 -1.071
172 -0.009 -1.080
173  0.004 -1.076
174  0.013 -1.063
175 -0.051 -1.114
176 -0.014 -1.128
177 -0.055 -1.183
178 -0.023 -1.206
179 -0.059 -1.265
180 -0.052 -1.317
181  0.033 -1.284
182  0.016 -1.268
183 -0.002 -1.270
184 -0.009 -1.279
185  0.004 -1.275
186  0.017 -1.258
187  0.036 -1.222
188 -0.021 -1.243
189 -0.106 -1.349
190 -0.104 -1.453
191 -0.165 -1.618
192 -0.201 -1.819
193 -0.097 -1.916
194 -0.098 -2.014
195 -0.093 -2.107
196 -0.148 -2.255
197 -0.054 -2.309
198 -0.010 -2.319
199 -0.038 -2.357
200 -0.038 -2.395
201 -0.087 -2.482
202 -0.062 -2.544
203 -0.048 -2.592
204 -0.018 -2.610
205 -0.012 -2.622
206 -0.044 -2.666
207 -0.012 -2.678
208 -0.002 -2.680
209  0.002 -2.678
210 -0.014 -2.692
211  0.013 -2.679
212  0.010 -2.669
213 -0.015 -2.684
214  0.042 -2.642
215 -0.025 -2.667
216 -0.065 -2.732
217 -0.083 -2.815
218 -0.001 -2.816
219  0.007 -2.809
220 -0.003 -2.812
221  0.005 -2.807
222  0.021 -2.786
223  0.012 -2.774
224 -0.013 -2.787
225 -0.037 -2.824
226 -0.024 -2.848
227 -0.062 -2.910
228 -0.059 -2.969
229 -0.034 -3.003
230 -0.005 -3.008
231  0.017 -2.991
232  0.061 -2.930
233  0.147 -2.783
234  0.075 -2.708
235 -0.005 -2.713
236 -0.018 -2.731
237  0.014 -2.717
238  0.012 -2.705
239 -0.008 -2.713
240  0.009 -2.704
241 -0.008 -2.712
242 -0.026 -2.738
243 -0.064 -2.802
244 -0.013 -2.815
245 -0.005 -2.820
246 -0.016 -2.836
247 -0.021 -2.857
248 -0.064 -2.921
249 -0.078 -2.999
250 -0.126 -3.125
251 -0.087 -3.212
252 -0.073 -3.285
253 -0.099 -3.384
254 -0.013 -3.397
255 -0.035 -3.432
256 -0.098 -3.530
257 -0.090 -3.620
258 -0.042 -3.662
259 -0.012 -3.674
260  0.012   NaN 
261  0.018   NaN 
262  0.013   NaN 
263 -0.003   NaN 
264  0.004   NaN 
265  0.005   NaN 
266 -0.003   NaN 
267 -0.018   NaN 
268  0.013   NaN 
269  0.057   NaN 
270 -0.001   NaN 
271 -0.014   NaN 
272 -0.022   NaN 
273  0.015   NaN 
274  0.021   NaN 
275  0.003   NaN 
276  0.037   NaN 
277  0.045   NaN 
278  0.139   NaN 
279  0.008   NaN 
280  0.092   NaN 
281  0.060   NaN 
282 -0.026   NaN 
283 -0.041   NaN 
284 -0.017   NaN 
285 -0.011   NaN 
286 -0.014   NaN 
287  0.001   NaN 
288 -0.045   NaN 
289 -0.033   NaN 
290  0.015   NaN 
291  0.005   NaN 
292 -0.077   NaN 
293 -0.035   NaN 
294  0.039   NaN 
295  0.008   NaN 
296 -0.004   NaN 
297 -0.043   NaN 
298 -0.045   NaN 
299 -0.032   NaN 
300 -0.019   NaN 
301  0.007   NaN 
302  0.009   NaN 
303 -0.000   NaN 
304  0.007   NaN 
305  0.020   NaN 
306  0.012   NaN 
307  0.078   NaN 
308  0.032   NaN 
309 -0.054   NaN 
310  0.008   NaN 
311  0.137   NaN 
312  0.081   NaN 
313  0.169   NaN 
314  0.050   NaN 
315  0.000   NaN 
316  0.134   NaN 
317  0.232   NaN 
318  0.049   NaN 
319 -0.020   NaN 
320 -0.008   NaN 
321 -0.004   NaN 
322  0.011   NaN 
323  0.008   NaN 
324 -0.011   NaN 
325  0.029   NaN 
326  0.015   NaN 
327  0.022   NaN 
328 -0.002   NaN 
329 -0.000   NaN 
330  0.003   NaN 
331 -0.003   NaN 
332  0.017   NaN 
333  0.022   NaN 
334 -0.000   NaN 
335 -0.007   NaN 
336  0.068   NaN 
337  0.099   NaN 
338 -0.005   NaN 
339 -0.002   NaN 
340 -0.005   NaN 
341  0.004   NaN 
342  0.027   NaN 
343  0.001   NaN 
344  0.000   NaN 
345 -0.001   NaN 
346 -0.012   NaN 
347  0.028   NaN 
348 -0.016   NaN 
349 -0.015   NaN 
350  0.003   NaN 
351 -0.007   NaN 
352  0.032   NaN 
353  0.019   NaN 
354 -0.016   NaN 
355 -0.006   NaN 
356  0.151   NaN 
357  0.024   NaN 
358 -0.007   NaN 
359  0.034   NaN 
360  0.017   NaN 
361 -0.022   NaN 
362  0.338   NaN 
363  0.121   NaN 
364  0.015   NaN 
365  0.015   NaN 
366  0.038   NaN 
