# Spring transition day: 134 (95% confidence interval: 106 - 143 )
#
# column 1:  yearday 2009 (UTC)
# column 2:  northward windstress (Newtons/m2)
# column 3:  cumulative-from-spring-transition northward windstress
#                [ending at fall transition]      (Newtons/m2*days)
  1  0.255   NaN 
  2  0.139   NaN 
  3 -0.003   NaN 
  4  0.007   NaN 
  5  0.233   NaN 
  6  0.068   NaN 
  7  0.254   NaN 
  8  0.203   NaN 
  9 -0.032   NaN 
 10  0.005   NaN 
 11  0.042   NaN 
 12 -0.004   NaN 
 13 -0.016   NaN 
 14 -0.010   NaN 
 15 -0.002   NaN 
 16 -0.003   NaN 
 17 -0.002   NaN 
 18 -0.001   NaN 
 19 -0.004   NaN 
 20 -0.003   NaN 
 21 -0.002   NaN 
 22 -0.002   NaN 
 23 -0.004   NaN 
 24 -0.001   NaN 
 25 -0.018   NaN 
 26 -0.017   NaN 
 27  0.053   NaN 
 28  0.033   NaN 
 29 -0.007   NaN 
 30 -0.007   NaN 
 31 -0.012   NaN 
 32 -0.009   NaN 
 33 -0.003   NaN 
 34 -0.001   NaN 
 35 -0.001   NaN 
 36  0.005   NaN 
 37 -0.035   NaN 
 38 -0.059   NaN 
 39  0.012   NaN 
 40  0.006   NaN 
 41  0.024   NaN 
 42  0.028   NaN 
 43  0.000   NaN 
 44  0.013   NaN 
 45  0.001   NaN 
 46  0.002   NaN 
 47 -0.006   NaN 
 48 -0.001   NaN 
 49 -0.001   NaN 
 50  0.002   NaN 
 51 -0.002   NaN 
 52 -0.003   NaN 
 53  0.009   NaN 
 54  0.026   NaN 
 55  0.198   NaN 
 56  0.048   NaN 
 57  0.003   NaN 
 58  0.004   NaN 
 59  0.001   NaN 
 60  0.003   NaN 
 61  0.076   NaN 
 62  0.066   NaN 
 63  0.044   NaN 
 64  0.006   NaN 
 65 -0.012   NaN 
 66 -0.015   NaN 
 67 -0.017   NaN 
 68 -0.004   NaN 
 69 -0.011   NaN 
 70 -0.011   NaN 
 71 -0.019   NaN 
 72 -0.006   NaN 
 73  0.115   NaN 
 74  0.224   NaN 
 75  0.064   NaN 
 76  0.072   NaN 
 77  0.008   NaN 
 78  0.013   NaN 
 79  0.054   NaN 
 80  0.014   NaN 
 81 -0.009   NaN 
 82  0.007   NaN 
 83  0.039   NaN 
 84  0.021   NaN 
 85 -0.005   NaN 
 86 -0.006   NaN 
 87  0.027   NaN 
 88 -0.124   NaN 
 89 -0.016   NaN 
 90 -0.005   NaN 
 91  0.019   NaN 
 92  0.057   NaN 
 93 -0.091   NaN 
 94 -0.022   NaN 
 95 -0.014   NaN 
 96 -0.017   NaN 
 97 -0.044   NaN 
 98 -0.004   NaN 
 99  0.048   NaN 
100  0.011   NaN 
101  0.031   NaN 
102  0.171   NaN 
103  0.056   NaN 
104 -0.022   NaN 
105 -0.075   NaN 
106 -0.002   NaN 
107  0.036   NaN 
108 -0.013   NaN 
109 -0.024   NaN 
110 -0.056   NaN 
111 -0.073   NaN 
112 -0.149   NaN 
113 -0.067   NaN 
114 -0.017   NaN 
115 -0.035   NaN 
116 -0.005   NaN 
117 -0.026   NaN 
118  0.003   NaN 
119  0.013   NaN 
120 -0.013   NaN 
121 -0.010   NaN 
122  0.065   NaN 
123  0.063   NaN 
124  0.029   NaN 
125  0.170   NaN 
126  0.116   NaN 
127  0.049   NaN 
128 -0.039   NaN 
129 -0.093   NaN 
130 -0.037   NaN 
131  0.056   NaN 
132  0.009   NaN 
133  0.023   NaN 
134  0.141  0.000
135 -0.047 -0.047
136 -0.037 -0.084
137 -0.043 -0.127
138 -0.041 -0.168
139  0.009 -0.159
140 -0.042 -0.201
141 -0.128 -0.329
142 -0.096 -0.425
143 -0.103 -0.528
144 -0.054 -0.582
145 -0.029 -0.611
146  0.000 -0.611
147 -0.049 -0.660
148 -0.064 -0.724
149 -0.045 -0.769
150 -0.031 -0.800
151  0.021 -0.779
152  0.001 -0.778
153  0.008 -0.770
154 -0.002 -0.772
155  0.016 -0.756
156  0.025 -0.731
157  0.077 -0.654
158  0.046 -0.608
159  0.006 -0.602
160  0.005 -0.597
161  0.003 -0.594
162 -0.024 -0.618
163 -0.045 -0.663
164 -0.055 -0.718
165 -0.013 -0.731
166 -0.018 -0.749
167 -0.027 -0.776
168 -0.002 -0.778
169 -0.007 -0.785
170  0.012 -0.773
171 -0.019 -0.792
172 -0.026 -0.818
173 -0.015 -0.833
174 -0.039 -0.872
175 -0.007 -0.879
176  0.008 -0.871
177 -0.088 -0.959
178 -0.067 -1.026
179 -0.079 -1.105
180 -0.182 -1.287
181 -0.148 -1.435
182 -0.126 -1.561
183 -0.078 -1.639
184 -0.017 -1.656
185 -0.019 -1.675
186  0.018 -1.657
187  0.081 -1.576
188  0.005 -1.571
189  0.027 -1.544
190  0.008 -1.536
191 -0.019 -1.555
192 -0.001 -1.556
193  0.007 -1.549
194  0.021 -1.528
195 -0.035 -1.563
196 -0.071 -1.634
197 -0.034 -1.668
198 -0.022 -1.690
199 -0.029 -1.719
200 -0.087 -1.806
201 -0.102 -1.908
202 -0.004 -1.912
203  0.000 -1.912
204 -0.030 -1.942
205 -0.052 -1.994
206 -0.034 -2.028
207 -0.022 -2.050
208 -0.041 -2.091
209 -0.052 -2.143
210 -0.018 -2.161
211  0.010 -2.151
212  0.005 -2.146
213 -0.013 -2.159
214 -0.016 -2.175
215  0.004 -2.171
216  0.002 -2.169
217  0.001 -2.168
218  0.005 -2.163
219  0.022 -2.141
220  0.003 -2.138
221 -0.010 -2.148
222 -0.006 -2.154
223 -0.001 -2.155
224  0.035 -2.120
225  0.001 -2.119
226 -0.006 -2.125
227 -0.031 -2.156
228 -0.040 -2.196
229 -0.057 -2.253
230 -0.110 -2.363
231 -0.048 -2.411
232  0.014 -2.397
233  0.003 -2.394
234 -0.035 -2.429
235 -0.026 -2.455
236 -0.029 -2.484
237  0.001 -2.483
238 -0.008 -2.491
239  0.004 -2.487
240 -0.000 -2.487
241 -0.011 -2.498
242 -0.047 -2.545
243 -0.071 -2.616
244 -0.020 -2.636
245  0.002 -2.634
246  0.017 -2.617
247  0.001 -2.616
248  0.016 -2.600
249  0.139 -2.461
250  0.045 -2.416
251 -0.012 -2.428
252 -0.008 -2.436
253 -0.019 -2.455
254 -0.019 -2.474
255  0.004 -2.470
256  0.006 -2.464
257  0.019 -2.445
258  0.024 -2.421
259  0.005 -2.416
260 -0.000 -2.416
261 -0.015 -2.431
262 -0.006 -2.437
263 -0.036 -2.473
264 -0.041 -2.514
265 -0.001 -2.515
266  0.003 -2.512
267 -0.042 -2.554
268 -0.076 -2.630
269 -0.072 -2.702
270 -0.083 -2.785
271  0.002 -2.783
272  0.018 -2.765
273  0.015 -2.750
274  0.009 -2.741
275 -0.002 -2.743
276 -0.005 -2.748
277 -0.014 -2.762
278 -0.004 -2.766
279 -0.007 -2.773
280 -0.027 -2.800
281 -0.011 -2.811
282 -0.006 -2.817
283 -0.020 -2.837
284 -0.018 -2.855
285  0.003   NaN 
286  0.007   NaN 
287  0.228   NaN 
288  0.058   NaN 
289  0.013   NaN 
290  0.065   NaN 
291  0.092   NaN 
292  0.002   NaN 
293 -0.002   NaN 
294  0.037   NaN 
295  0.015   NaN 
296  0.031   NaN 
297  0.007   NaN 
298 -0.010   NaN 
299  0.040   NaN 
300 -0.049   NaN 
301 -0.086   NaN 
303  0.097   NaN 
304  0.110   NaN 
305 -0.013   NaN 
306 -0.005   NaN 
307 -0.003   NaN 
308 -0.003   NaN 
309  0.182   NaN 
310  0.160   NaN 
311  0.087   NaN 
312  0.081   NaN 
313  0.034   NaN 
314  0.046   NaN 
315  0.020   NaN 
316  0.014   NaN 
317 -0.002   NaN 
318 -0.014   NaN 
319  0.000   NaN 
320  0.295   NaN 
321  0.297   NaN 
322  0.041   NaN 
323  0.277   NaN 
324  0.113   NaN 
325  0.022   NaN 
326  0.087   NaN 
327 -0.005   NaN 
328  0.008   NaN 
329  0.001   NaN 
330  0.012   NaN 
331 -0.069   NaN 
332 -0.038   NaN 
333 -0.003   NaN 
334 -0.010   NaN 
335 -0.004   NaN 
336 -0.006   NaN 
337 -0.001   NaN 
338 -0.008   NaN 
339 -0.019   NaN 
340 -0.007   NaN 
341 -0.008   NaN 
342 -0.002   NaN 
343 -0.002   NaN 
344 -0.001   NaN 
345  0.003   NaN 
346 -0.001   NaN 
347  0.002   NaN 
348  0.030   NaN 
349  0.150   NaN 
350  0.265   NaN 
351  0.066   NaN 
352 -0.001   NaN 
353  0.023   NaN 
354  0.048   NaN 
355  0.098   NaN 
356 -0.031   NaN 
357 -0.002   NaN 
358 -0.002   NaN 
359 -0.002   NaN 
360 -0.001   NaN 
361 -0.002   NaN 
362 -0.001   NaN 
363 -0.001   NaN 
364 -0.001   NaN 
365 -0.001   NaN 
