# Spring transition day: 161 (95% confidence interval: 154 - 206 )
#
# column 1:  yearday 2010 (UTC)
# column 2:  northward windstress (Newtons/m2)
# column 3:  cumulative-from-spring-transition northward windstress
#                [ending at fall transition]      (Newtons/m2*days)
  1  0.274   NaN 
  2  0.079   NaN 
  3  0.003   NaN 
  4  0.051   NaN 
  5  0.150   NaN 
  6  0.075   NaN 
  7  0.000   NaN 
  8 -0.002   NaN 
  9  0.026   NaN 
 10  0.001   NaN 
 11  0.063   NaN 
 12  0.101   NaN 
 13  0.089   NaN 
 14  0.036   NaN 
 15  0.251   NaN 
 16  0.101   NaN 
 17  0.074   NaN 
 18  0.194   NaN 
 19  0.036   NaN 
 20  0.039   NaN 
 21  0.030   NaN 
 22  0.032   NaN 
 23  0.016   NaN 
 24  0.018   NaN 
 25  0.114   NaN 
 26 -0.004   NaN 
 27 -0.003   NaN 
 28  0.002   NaN 
 29  0.002   NaN 
 30  0.005   NaN 
 31  0.003   NaN 
 32  0.002   NaN 
 33  0.007   NaN 
 34  0.013   NaN 
 35  0.027   NaN 
 36  0.015   NaN 
 37  0.018   NaN 
 38 -0.001   NaN 
 39  0.002   NaN 
 40  0.001   NaN 
 41  0.049   NaN 
 42  0.208   NaN 
 43  0.170   NaN 
 44  0.087   NaN 
 45  0.056   NaN 
 46  0.000   NaN 
 47  0.015   NaN 
 48 -0.013   NaN 
 49 -0.001   NaN 
 50 -0.002   NaN 
 51 -0.005   NaN 
 52 -0.004   NaN 
 53  0.000   NaN 
 54 -0.000   NaN 
 55  0.042   NaN 
 56  0.028   NaN 
 57  0.007   NaN 
 58  0.065   NaN 
 59 -0.006   NaN 
 60  0.005   NaN 
 61  0.036   NaN 
 62  0.032   NaN 
 63  0.005   NaN 
 64  0.001   NaN 
 65 -0.016   NaN 
 66 -0.004   NaN 
 67 -0.072   NaN 
 68 -0.028   NaN 
 69 -0.015   NaN 
 70  0.175   NaN 
 71  0.210   NaN 
 72  0.025   NaN 
 73  0.012   NaN 
 74 -0.001   NaN 
 75  0.053   NaN 
 76 -0.002   NaN 
 77 -0.086   NaN 
 78 -0.021   NaN 
 79  0.033   NaN 
 80  0.105   NaN 
 81  0.008   NaN 
 82 -0.014   NaN 
 83 -0.001   NaN 
 84  0.103   NaN 
 85  0.051   NaN 
 86  0.017   NaN 
 87  0.128   NaN 
 88  0.319   NaN 
 89  0.052   NaN 
 90  0.025   NaN 
 91  0.007   NaN 
 92  0.114   NaN 
 93  0.053   NaN 
 94  0.078   NaN 
 95  0.157   NaN 
 96  0.067   NaN 
 97  0.007   NaN 
 98 -0.000   NaN 
 99 -0.019   NaN 
100 -0.013   NaN 
101  0.012   NaN 
102  0.010   NaN 
103 -0.009   NaN 
104 -0.016   NaN 
105 -0.018   NaN 
106 -0.018   NaN 
107  0.064   NaN 
108  0.026   NaN 
109  0.014   NaN 
110 -0.035   NaN 
111 -0.155   NaN 
112 -0.089   NaN 
113 -0.039   NaN 
114  0.007   NaN 
115 -0.005   NaN 
116  0.013   NaN 
117  0.095   NaN 
118  0.031   NaN 
119 -0.012   NaN 
120 -0.025   NaN 
121  0.028   NaN 
122 -0.014   NaN 
123  0.055   NaN 
124 -0.012   NaN 
125 -0.007   NaN 
126 -0.024   NaN 
127 -0.035   NaN 
128 -0.014   NaN 
129 -0.013   NaN 
130 -0.014   NaN 
131 -0.043   NaN 
132 -0.022   NaN 
133 -0.046   NaN 
134 -0.056   NaN 
135 -0.030   NaN 
136 -0.017   NaN 
137  0.001   NaN 
138  0.068   NaN 
139  0.088   NaN 
140  0.098   NaN 
141  0.040   NaN 
142  0.001   NaN 
143 -0.007   NaN 
144  0.019   NaN 
145  0.035   NaN 
146  0.014   NaN 
147 -0.002   NaN 
148 -0.030   NaN 
149 -0.001   NaN 
150 -0.004   NaN 
151  0.021   NaN 
152  0.022   NaN 
153  0.247   NaN 
154  0.016   NaN 
155 -0.001   NaN 
156 -0.017   NaN 
157  0.003   NaN 
158  0.016   NaN 
159 -0.026   NaN 
160  0.094   NaN 
161  0.003  0.000
162 -0.049 -0.049
163 -0.066 -0.115
164 -0.124 -0.239
165 -0.104 -0.343
166 -0.033 -0.376
167 -0.004 -0.380
168 -0.009 -0.389
169 -0.024 -0.413
170 -0.006 -0.419
171  0.004 -0.415
172 -0.007 -0.422
173 -0.035 -0.457
174 -0.021 -0.478
175 -0.026 -0.504
176 -0.024 -0.528
177 -0.017 -0.545
178 -0.022 -0.567
179 -0.013 -0.580
180 -0.009 -0.589
181 -0.014 -0.603
182  0.003 -0.600
183  0.025 -0.575
184 -0.018 -0.593
185 -0.045 -0.638
186 -0.053 -0.691
187 -0.057 -0.748
188 -0.032 -0.780
189  0.025 -0.755
190 -0.009 -0.764
191 -0.043 -0.807
192 -0.098 -0.905
193 -0.036 -0.941
194 -0.059 -1.000
195 -0.060 -1.060
196 -0.126 -1.186
197 -0.130 -1.316
198 -0.074 -1.390
199 -0.039 -1.429
200 -0.038 -1.467
201 -0.076 -1.543
202 -0.042 -1.585
203 -0.048 -1.633
204 -0.086 -1.719
205 -0.098 -1.817
206 -0.120 -1.937
207 -0.019 -1.956
208 -0.010 -1.966
209 -0.039 -2.005
210 -0.034 -2.039
211 -0.026 -2.065
212  0.005 -2.060
213  0.000 -2.060
214 -0.031 -2.091
215 -0.007 -2.098
216 -0.013 -2.111
217 -0.010 -2.121
218 -0.007 -2.128
219 -0.012 -2.140
220 -0.021 -2.161
221 -0.033 -2.194
222 -0.008 -2.202
223 -0.018 -2.220
224 -0.012 -2.232
225 -0.018 -2.250
226  0.023 -2.227
227  0.009 -2.218
228 -0.011 -2.229
229 -0.018 -2.247
230  0.008 -2.239
231 -0.019 -2.258
232 -0.058 -2.316
233 -0.066 -2.382
234 -0.005 -2.387
235 -0.030 -2.417
236 -0.066 -2.483
237 -0.075 -2.558
238 -0.042 -2.600
239  0.000 -2.600
240 -0.067 -2.667
241 -0.009 -2.676
242  0.001 -2.675
243  0.003 -2.672
244  0.067 -2.605
245 -0.026 -2.631
246 -0.017 -2.648
247 -0.036 -2.684
248 -0.022 -2.706
249 -0.007 -2.713
250  0.009 -2.704
251  0.005 -2.699
252  0.014 -2.685
253  0.002 -2.683
254 -0.013 -2.696
255 -0.016 -2.712
256 -0.011 -2.723
257 -0.013 -2.736
258  0.022   NaN 
259  0.084   NaN 
260  0.035   NaN 
261  0.036   NaN 
262  0.100   NaN 
263  0.097   NaN 
264  0.002   NaN 
265 -0.012   NaN 
266  0.023   NaN 
267  0.024   NaN 
268  0.004   NaN 
269  0.033   NaN 
270  0.021   NaN 
271 -0.022   NaN 
272 -0.048   NaN 
273 -0.041   NaN 
274  0.053   NaN 
275 -0.022   NaN 
276 -0.026   NaN 
277 -0.005   NaN 
278 -0.036   NaN 
279 -0.040   NaN 
280  0.078   NaN 
281  0.071   NaN 
282  0.076   NaN 
283  0.094   NaN 
284 -0.017   NaN 
285 -0.017   NaN 
286 -0.012   NaN 
287  0.001   NaN 
288 -0.027   NaN 
289 -0.043   NaN 
290 -0.014   NaN 
291 -0.015   NaN 
292 -0.013   NaN 
293 -0.008   NaN 
294  0.060   NaN 
295  0.079   NaN 
296  0.062   NaN 
297  0.174   NaN 
298  0.072   NaN 
299  0.021   NaN 
300  0.006   NaN 
301  0.006   NaN 
302  0.002   NaN 
303  0.026   NaN 
304  0.036   NaN 
305  0.196   NaN 
306  0.064   NaN 
307  0.000   NaN 
308  0.009   NaN 
309 -0.005   NaN 
310  0.037   NaN 
311  0.080   NaN 
312 -0.002   NaN 
313  0.031   NaN 
314  0.023   NaN 
315  0.015   NaN 
316  0.018   NaN 
317  0.001   NaN 
318  0.017   NaN 
319  0.015   NaN 
320  0.013   NaN 
321  0.121   NaN 
322  0.138   NaN 
323  0.031   NaN 
324  0.014   NaN 
325 -0.005   NaN 
326 -0.009   NaN 
327 -0.082   NaN 
328 -0.008   NaN 
329 -0.010   NaN 
330  0.140   NaN 
331  0.033   NaN 
332 -0.001   NaN 
333 -0.005   NaN 
334  0.150   NaN 
335  0.163   NaN 
336 -0.012   NaN 
337  0.003   NaN 
338 -0.001   NaN 
339  0.004   NaN 
340  0.001   NaN 
341  0.005   NaN 
342  0.145   NaN 
343  0.167   NaN 
344  0.049   NaN 
345  0.044   NaN 
346  0.311   NaN 
347  0.155   NaN 
348  0.122   NaN 
349  0.023   NaN 
350  0.012   NaN 
351  0.001   NaN 
352  0.067   NaN 
353  0.028   NaN 
354  0.042   NaN 
355  0.024   NaN 
356  0.050   NaN 
357  0.037   NaN 
358  0.015   NaN 
359  0.013   NaN 
360  0.057   NaN 
361  0.096   NaN 
362  0.293   NaN 
363 -0.186   NaN 
