# Spring transition day: 106 (95% confidence interval: 104 - 153 )
#
# column 1:  yearday 2011 (UTC)
# column 2:  northward windstress (Newtons/m2)
# column 3:  cumulative-from-spring-transition northward windstress
#                [ending at fall transition]      (Newtons/m2*days)
  1 -0.007   NaN 
  2  0.003   NaN 
  3 -0.005   NaN 
  4 -0.003   NaN 
  5  0.007   NaN 
  6  0.003   NaN 
  7  0.015   NaN 
  8  0.005   NaN 
  9  0.006   NaN 
 10  0.008   NaN 
 11 -0.005   NaN 
 12  0.168   NaN 
 13  0.256   NaN 
 14  0.170   NaN 
 15  0.125   NaN 
 16  0.319   NaN 
 17  0.092   NaN 
 18  0.016   NaN 
 19  0.008   NaN 
 20 -0.005   NaN 
 21  0.012   NaN 
 22 -0.003   NaN 
 23 -0.003   NaN 
 24  0.005   NaN 
 25  0.008   NaN 
 26 -0.003   NaN 
 27 -0.005   NaN 
 28  0.099   NaN 
 29  0.077   NaN 
 30 -0.005   NaN 
 31 -0.002   NaN 
 32 -0.004   NaN 
 33 -0.001   NaN 
 34 -0.002   NaN 
 35  0.006   NaN 
 36  0.019   NaN 
 37  0.006   NaN 
 38 -0.018   NaN 
 39 -0.074   NaN 
 40 -0.008   NaN 
 41 -0.010   NaN 
 42 -0.006   NaN 
 43  0.153   NaN 
 44  0.146   NaN 
 45  0.122   NaN 
 46  0.132   NaN 
 47  0.048   NaN 
 48  0.021   NaN 
 49  0.014   NaN 
 50 -0.007   NaN 
 51 -0.013   NaN 
 52  0.007   NaN 
 53 -0.025   NaN 
 54 -0.001   NaN 
 55 -0.006   NaN 
 56  0.002   NaN 
 57 -0.005   NaN 
 58  0.081   NaN 
 59  0.309   NaN 
 60  0.019   NaN 
 61  0.110   NaN 
 62  0.065   NaN 
 63  0.042   NaN 
 64  0.081   NaN 
 65 -0.011   NaN 
 66  0.003   NaN 
 67  0.051   NaN 
 68  0.257   NaN 
 69  0.236   NaN 
 70  0.030   NaN 
 71  0.045   NaN 
 72  0.050   NaN 
 73  0.223   NaN 
 74  0.137   NaN 
 75  0.076   NaN 
 76  0.024   NaN 
 77  0.045   NaN 
 78  0.037   NaN 
 79  0.008   NaN 
 80 -0.014   NaN 
 81  0.008   NaN 
 82  0.003   NaN 
 83  0.025   NaN 
 84  0.025   NaN 
 85  0.042   NaN 
 86  0.111   NaN 
 87  0.019   NaN 
 88  0.140   NaN 
 89  0.128   NaN 
 90  0.079   NaN 
 91  0.016   NaN 
 92 -0.054   NaN 
 93 -0.011   NaN 
 94  0.058   NaN 
 95  0.039   NaN 
 96  0.020   NaN 
 97 -0.012   NaN 
 98 -0.036   NaN 
 99 -0.039   NaN 
100  0.148   NaN 
101  0.129   NaN 
102 -0.007   NaN 
103  0.023   NaN 
104  0.120   NaN 
105  0.143   NaN 
106  0.079  0.000
107 -0.034 -0.034
108 -0.033 -0.067
109 -0.027 -0.094
110 -0.049 -0.143
111 -0.054 -0.197
112 -0.029 -0.226
113 -0.026 -0.252
114  0.039 -0.213
115  0.065 -0.148
116  0.022 -0.126
117  0.031 -0.095
118  0.035 -0.060
119 -0.029 -0.089
120 -0.044 -0.133
121 -0.051 -0.184
122  0.005 -0.179
123 -0.025 -0.204
124 -0.056 -0.260
125 -0.036 -0.296
126  0.007 -0.289
127  0.048 -0.241
128 -0.004 -0.245
129 -0.052 -0.297
130 -0.035 -0.332
131  0.026 -0.306
132  0.027 -0.279
133 -0.006 -0.285
134 -0.047 -0.332
135 -0.001 -0.333
136  0.012 -0.321
137 -0.003 -0.324
138 -0.035 -0.359
139 -0.035 -0.394
140 -0.024 -0.418
141 -0.018 -0.436
142 -0.009 -0.445
143 -0.006 -0.451
144 -0.003 -0.454
145  0.023 -0.431
146  0.046 -0.385
147  0.069 -0.316
148  0.007 -0.309
149 -0.048 -0.357
150  0.004 -0.353
151  0.008 -0.345
152 -0.001 -0.346
153  0.028 -0.318
154  0.007 -0.311
155 -0.063 -0.374
156 -0.017 -0.391
157 -0.014 -0.405
158 -0.002 -0.407
159 -0.023 -0.430
160 -0.019 -0.449
161 -0.032 -0.481
162 -0.015 -0.496
163 -0.014 -0.510
164  0.044 -0.466
165 -0.013 -0.479
166 -0.036 -0.515
167 -0.031 -0.546
168 -0.022 -0.568
169  0.004 -0.564
170  0.001 -0.563
171 -0.000 -0.563
172 -0.027 -0.590
173 -0.033 -0.623
174 -0.005 -0.628
175 -0.014 -0.642
176 -0.037 -0.679
177 -0.040 -0.719
178  0.007 -0.712
179  0.044 -0.668
180  0.016 -0.652
181  0.010 -0.642
182 -0.026 -0.668
183 -0.046 -0.714
184 -0.020 -0.734
185 -0.052 -0.786
186 -0.082 -0.868
187 -0.174 -1.042
188 -0.075 -1.117
189 -0.036 -1.153
190 -0.074 -1.227
191 -0.017 -1.244
192  0.006 -1.238
193  0.024 -1.214
194  0.034 -1.180
195  0.015 -1.165
196  0.013 -1.152
197  0.064 -1.088
198  0.018 -1.070
199 -0.010 -1.080
200 -0.040 -1.120
201 -0.004 -1.124
202  0.003 -1.121
203 -0.020 -1.141
204 -0.077 -1.218
205 -0.041 -1.259
206  0.011 -1.248
207 -0.009 -1.257
208 -0.063 -1.320
209 -0.115 -1.435
210 -0.132 -1.567
211 -0.086 -1.653
212 -0.025 -1.678
213 -0.053 -1.731
214 -0.006 -1.737
215  0.001 -1.736
216 -0.045 -1.781
217 -0.021 -1.802
218 -0.048 -1.850
219 -0.032 -1.882
220 -0.013 -1.895
221 -0.009 -1.904
222 -0.008 -1.912
223 -0.025 -1.937
224 -0.049 -1.986
225 -0.010 -1.996
226 -0.004 -2.000
227 -0.009 -2.009
228 -0.041 -2.050
229 -0.064 -2.114
230 -0.036 -2.150
231 -0.068 -2.218
232 -0.064 -2.282
233  0.003 -2.279
234  0.014 -2.265
235  0.014 -2.251
236 -0.022 -2.273
237 -0.036 -2.309
238 -0.058 -2.367
239 -0.043 -2.410
240 -0.043 -2.453
241 -0.003 -2.456
242 -0.027 -2.483
243 -0.014 -2.497
244 -0.022 -2.519
245 -0.070 -2.589
246 -0.054 -2.643
247 -0.006 -2.649
248 -0.003 -2.652
249 -0.034 -2.686
250 -0.042 -2.728
251 -0.007 -2.735
252 -0.062 -2.797
253 -0.093 -2.890
254 -0.011 -2.901
255  0.031   NaN 
256 -0.003   NaN 
257 -0.009   NaN 
258 -0.003   NaN 
259  0.000   NaN 
260  0.008   NaN 
261  0.041   NaN 
262 -0.003   NaN 
263 -0.022   NaN 
264 -0.007   NaN 
265  0.007   NaN 
266  0.010   NaN 
267  0.018   NaN 
268  0.161   NaN 
269  0.063   NaN 
270  0.073   NaN 
271 -0.013   NaN 
272 -0.016   NaN 
273 -0.001   NaN 
274 -0.013   NaN 
275  0.005   NaN 
276  0.018   NaN 
277  0.017   NaN 
278  0.032   NaN 
279  0.024   NaN 
280  0.018   NaN 
281  0.024   NaN 
282  0.002   NaN 
283  0.039   NaN 
284  0.093   NaN 
285  0.011   NaN 
286 -0.012   NaN 
287 -0.011   NaN 
288 -0.017   NaN 
289 -0.037   NaN 
290 -0.028   NaN 
291 -0.015   NaN 
292  0.039   NaN 
293 -0.006   NaN 
294  0.015   NaN 
295  0.033   NaN 
296 -0.016   NaN 
297 -0.042   NaN 
298 -0.029   NaN 
299 -0.009   NaN 
300 -0.006   NaN 
301  0.033   NaN 
302  0.064   NaN 
303  0.018   NaN 
304 -0.019   NaN 
305 -0.013   NaN 
306  0.012   NaN 
307  0.016   NaN 
308  0.001   NaN 
309  0.003   NaN 
310  0.001   NaN 
311  0.006   NaN 
312  0.008   NaN 
313 -0.000   NaN 
314 -0.001   NaN 
315  0.002   NaN 
316 -0.012   NaN 
317  0.044   NaN 
318  0.003   NaN 
319 -0.004   NaN 
320  0.080   NaN 
321  0.189   NaN 
322  0.004   NaN 
323  0.001   NaN 
324 -0.004   NaN 
325  0.155   NaN 
326  0.632   NaN 
327  0.313   NaN 
328  0.120   NaN 
329  0.113   NaN 
330 -0.012   NaN 
331  0.082   NaN 
332  0.015   NaN 
333  0.008   NaN 
334  0.004   NaN 
335 -0.014   NaN 
336 -0.019   NaN 
337 -0.026   NaN 
338 -0.002   NaN 
339 -0.006   NaN 
340 -0.011   NaN 
341 -0.008   NaN 
342 -0.003   NaN 
343 -0.004   NaN 
344  0.001   NaN 
345 -0.013   NaN 
346 -0.019   NaN 
347 -0.001   NaN 
348  0.008   NaN 
349  0.021   NaN 
350 -0.002   NaN 
351 -0.001   NaN 
352 -0.017   NaN 
353 -0.017   NaN 
354 -0.001   NaN 
355 -0.003   NaN 
356  0.001   NaN 
357  0.009   NaN 
358 -0.006   NaN 
359  0.109   NaN 
360  0.008   NaN 
361  0.141   NaN 
362  0.403   NaN 
363  0.133   NaN 
364  0.087   NaN 
365 -0.017   NaN 
