# Spring transition day: 125 (95% confidence interval: 122 - 175 )
#
# column 1:  yearday 2012 (UTC)
# column 2:  northward windstress (Newtons/m2)
# column 3:  cumulative-from-spring-transition northward windstress
#                [ending at fall transition]      (Newtons/m2*days)
  1 -0.004   NaN 
  2  0.105   NaN 
  3  0.116   NaN 
  4  0.103   NaN 
  5  0.089   NaN 
  6 -0.005   NaN 
  7  0.008   NaN 
  8 -0.002   NaN 
  9 -0.001   NaN 
 10 -0.047   NaN 
 11 -0.011   NaN 
 12 -0.003   NaN 
 13 -0.006   NaN 
 14  0.044   NaN 
 15 -0.004   NaN 
 16  0.008   NaN 
 17  0.020   NaN 
 18  0.474   NaN 
 19  0.516   NaN 
 20  0.137   NaN 
 21  0.110   NaN 
 22  0.082   NaN 
 23  0.063   NaN 
 24  0.139   NaN 
 25  0.215   NaN 
 26 -0.002   NaN 
 27 -0.014   NaN 
 28 -0.009   NaN 
 29  0.062   NaN 
 30  0.079   NaN 
 31  0.003   NaN 
 32 -0.000   NaN 
 33 -0.002   NaN 
 34  0.004   NaN 
 35  0.005   NaN 
 36  0.001   NaN 
 37 -0.002   NaN 
 38 -0.001   NaN 
 39  0.007   NaN 
 40  0.007   NaN 
 41  0.053   NaN 
 42  0.012   NaN 
 43  0.003   NaN 
 44 -0.004   NaN 
 45 -0.002   NaN 
 46  0.003   NaN 
 47 -0.000   NaN 
 48  0.039   NaN 
 49  0.032   NaN 
 50  0.002   NaN 
 51  0.022   NaN 
 52  0.066   NaN 
 53  0.074   NaN 
 54 -0.022   NaN 
 55  0.027   NaN 
 56  0.002   NaN 
 57 -0.021   NaN 
 58 -0.010   NaN 
 59  0.006   NaN 
 60  0.076   NaN 
 61 -0.007   NaN 
 62  0.008   NaN 
 63  0.020   NaN 
 64 -0.016   NaN 
 65  0.040   NaN 
 66 -0.055   NaN 
 67 -0.025   NaN 
 68 -0.006   NaN 
 69  0.066   NaN 
 70  0.120   NaN 
 71  0.069   NaN 
 72  0.335   NaN 
 73  0.148   NaN 
 74  0.085   NaN 
 75  0.469   NaN 
 76  0.086   NaN 
 77 -0.002   NaN 
 78 -0.013   NaN 
 79 -0.004   NaN 
 80  0.155   NaN 
 81  0.001   NaN 
 82  0.010   NaN 
 83  0.007   NaN 
 84  0.011   NaN 
 85  0.010   NaN 
 86  0.011   NaN 
 87  0.020   NaN 
 88  0.119   NaN 
 89  0.388   NaN 
 90  0.218   NaN 
 91  0.033   NaN 
 92  0.047   NaN 
 93  0.035   NaN 
 94  0.059   NaN 
 95  0.010   NaN 
 96 -0.000   NaN 
 97  0.003   NaN 
 98  0.002   NaN 
 99  0.002   NaN 
100 -0.002   NaN 
101  0.011   NaN 
102  0.021   NaN 
103  0.054   NaN 
104  0.032   NaN 
105 -0.017   NaN 
106  0.003   NaN 
107  0.123   NaN 
108  0.006   NaN 
109  0.057   NaN 
110  0.032   NaN 
111  0.075   NaN 
112 -0.016   NaN 
113 -0.018   NaN 
114 -0.054   NaN 
115 -0.011   NaN 
116  0.112   NaN 
117  0.057   NaN 
118  0.032   NaN 
119  0.016   NaN 
120 -0.029   NaN 
121  0.036   NaN 
122 -0.001   NaN 
123  0.000   NaN 
124  0.037   NaN 
125  0.005  0.000
126 -0.010 -0.010
127 -0.039 -0.049
128 -0.054 -0.103
129 -0.048 -0.151
130 -0.117 -0.268
131 -0.092 -0.360
132 -0.098 -0.458
133 -0.049 -0.507
134 -0.064 -0.571
135 -0.015 -0.586
136  0.011 -0.575
137 -0.106 -0.681
138 -0.044 -0.725
139 -0.025 -0.750
140 -0.022 -0.772
141  0.004 -0.768
142  0.039 -0.729
143  0.105 -0.624
144  0.053 -0.571
145  0.014 -0.557
146 -0.066 -0.623
147 -0.016 -0.639
148  0.023 -0.616
149  0.010 -0.606
150 -0.019 -0.625
151 -0.016 -0.641
152 -0.001 -0.642
153  0.005 -0.637
154 -0.008 -0.645
155 -0.015 -0.660
156 -0.030 -0.690
157 -0.028 -0.718
158  0.008 -0.710
159  0.046 -0.664
160  0.026 -0.638
161  0.003 -0.635
162 -0.017 -0.652
163 -0.028 -0.680
164  0.014 -0.666
165 -0.040 -0.706
166 -0.065 -0.771
167 -0.020 -0.791
168 -0.010 -0.801
169  0.001 -0.800
170 -0.013 -0.813
171 -0.003 -0.816
172 -0.014 -0.830
173 -0.017 -0.847
174  0.009 -0.838
175  0.010 -0.828
176  0.013 -0.815
177  0.003 -0.812
178  0.005 -0.807
179 -0.007 -0.814
180  0.008 -0.806
181  0.054 -0.752
182  0.010 -0.742
183 -0.038 -0.780
184 -0.039 -0.819
185  0.006 -0.813
186 -0.033 -0.846
187 -0.030 -0.876
188 -0.021 -0.897
189 -0.032 -0.929
190 -0.057 -0.986
191 -0.060 -1.046
192 -0.038 -1.084
193 -0.076 -1.160
194 -0.033 -1.193
195 -0.013 -1.206
196 -0.011 -1.217
197  0.000 -1.217
198 -0.005 -1.222
199 -0.001 -1.223
200  0.020 -1.203
201 -0.016 -1.219
202  0.025 -1.194
203  0.002 -1.192
204 -0.022 -1.214
205 -0.040 -1.254
206 -0.098 -1.352
207 -0.054 -1.406
208 -0.009 -1.415
209  0.001 -1.414
210 -0.008 -1.422
211 -0.012 -1.434
212 -0.014 -1.448
213 -0.030 -1.478
214 -0.044 -1.522
215 -0.031 -1.553
216 -0.071 -1.624
217 -0.010 -1.634
218  0.033 -1.601
219  0.024 -1.577
220  0.004 -1.573
221 -0.001 -1.574
222 -0.019 -1.593
223 -0.073 -1.666
224 -0.065 -1.731
225 -0.091 -1.822
226 -0.109 -1.931
227 -0.102 -2.033
228 -0.070 -2.103
229  0.010 -2.093
230  0.016 -2.077
231  0.003 -2.074
232  0.007 -2.067
233 -0.009 -2.076
234 -0.009 -2.085
235 -0.025 -2.110
236 -0.048 -2.158
237 -0.061 -2.219
238 -0.061 -2.280
239  0.033 -2.247
240  0.045 -2.202
241  0.000 -2.202
242  0.006 -2.196
243 -0.019 -2.215
244 -0.064 -2.279
245 -0.014 -2.293
246 -0.017 -2.310
247 -0.042 -2.352
248 -0.094 -2.446
249 -0.081 -2.527
250 -0.028 -2.555
251 -0.004 -2.559
252  0.016 -2.543
253  0.012 -2.531
254 -0.003 -2.534
255 -0.072 -2.606
256 -0.086 -2.692
257 -0.012 -2.704
258  0.008 -2.696
259 -0.008 -2.704
260 -0.046 -2.750
261 -0.019 -2.769
262  0.026 -2.743
263  0.008 -2.735
264  0.004 -2.731
265  0.005 -2.726
266 -0.003 -2.729
267 -0.007 -2.736
268 -0.014 -2.750
269 -0.047 -2.797
270 -0.041 -2.838
271 -0.023 -2.861
272 -0.013 -2.874
273 -0.042 -2.916
274 -0.064 -2.980
275 -0.075 -3.055
276 -0.083 -3.138
277 -0.080 -3.218
278 -0.059 -3.277
279  0.003 -3.274
280 -0.007 -3.281
281 -0.007 -3.288
282  0.016   NaN 
283 -0.002   NaN 
284 -0.008   NaN 
285 -0.005   NaN 
286  0.027   NaN 
287  0.117   NaN 
288  0.086   NaN 
289  0.180   NaN 
290  0.106   NaN 
291 -0.013   NaN 
292 -0.012   NaN 
293  0.050   NaN 
294  0.039   NaN 
295  0.016   NaN 
296  0.011   NaN 
297  0.027   NaN 
298  0.024   NaN 
299  0.020   NaN 
300  0.035   NaN 
301  0.119   NaN 
302  0.136   NaN 
303  0.137   NaN 
304  0.082   NaN 
305  0.115   NaN 
306  0.158   NaN 
307  0.020   NaN 
308  0.050   NaN 
309  0.038   NaN 
310 -0.010   NaN 
311 -0.002   NaN 
312 -0.001   NaN 
313 -0.000   NaN 
314  0.005   NaN 
315  0.004   NaN 
316  0.002   NaN 
317  0.123   NaN 
318  0.007   NaN 
319  0.016   NaN 
320 -0.004   NaN 
321  0.012   NaN 
322  0.051   NaN 
323  0.077   NaN 
324  0.779   NaN 
325  0.235   NaN 
326  0.077   NaN 
327  0.006   NaN 
328  0.021   NaN 
329  0.076   NaN 
330 -0.006   NaN 
331  0.008   NaN 
332  0.002   NaN 
333  0.014   NaN 
334  0.047   NaN 
335  0.152   NaN 
336  0.281   NaN 
337  0.085   NaN 
338  0.128   NaN 
339  0.238   NaN 
340  0.029   NaN 
341  0.014   NaN 
342  0.015   NaN 
343 -0.013   NaN 
344  0.011   NaN 
345 -0.001   NaN 
346  0.016   NaN 
347  0.008   NaN 
348 -0.001   NaN 
349 -0.010   NaN 
350  0.013   NaN 
351  0.124   NaN 
352  0.199   NaN 
353 -0.015   NaN 
354  0.150   NaN 
355  0.252   NaN 
356 -0.007   NaN 
357  0.031   NaN 
358  0.026   NaN 
359  0.001   NaN 
360  0.021   NaN 
361  0.013   NaN 
362 -0.006   NaN 
363  0.003   NaN 
364 -0.001   NaN 
365  0.002   NaN 
366 -0.002   NaN 
