# Spring transition day: 97 (95% confidence interval: 87 - 160 )
#
# column 1:  yearday 2013 (UTC)
# column 2:  northward windstress (Newtons/m2)
# column 3:  cumulative-from-spring-transition northward windstress
#                [ending at fall transition]      (Newtons/m2*days)
  1 -0.001   NaN 
  2  0.002   NaN 
  3  0.003   NaN 
  4  0.045   NaN 
  5 -0.003   NaN 
  6  0.002   NaN 
  7  0.108   NaN 
  8  0.093   NaN 
  9  0.154   NaN 
 10 -0.035   NaN 
 11 -0.055   NaN 
 12  0.005   NaN 
 13 -0.001   NaN 
 14  0.001   NaN 
 15 -0.002   NaN 
 16 -0.009   NaN 
 17 -0.007   NaN 
 18 -0.003   NaN 
 19  0.000   NaN 
 20 -0.001   NaN 
 21 -0.003   NaN 
 22  0.000   NaN 
 23 -0.001   NaN 
 24 -0.001   NaN 
 25  0.066   NaN 
 26  0.022   NaN 
 27  0.005   NaN 
 28 -0.025   NaN 
 29 -0.015   NaN 
 30  0.038   NaN 
 31  0.006   NaN 
 32 -0.000   NaN 
 33  0.002   NaN 
 34  0.010   NaN 
 35 -0.002   NaN 
 36  0.089   NaN 
 37  0.073   NaN 
 38  0.067   NaN 
 39 -0.018   NaN 
 40 -0.024   NaN 
 41 -0.005   NaN 
 42 -0.016   NaN 
 43  0.009   NaN 
 44  0.004   NaN 
 45 -0.003   NaN 
 46 -0.016   NaN 
 47 -0.004   NaN 
 48 -0.017   NaN 
 49  0.012   NaN 
 50  0.022   NaN 
 51 -0.006   NaN 
 52  0.010   NaN 
 53  0.117   NaN 
 54  0.016   NaN 
 55 -0.004   NaN 
 56  0.051   NaN 
 57 -0.006   NaN 
 58  0.012   NaN 
 59  0.132   NaN 
 60  0.112   NaN 
 61  0.004   NaN 
 62 -0.023   NaN 
 63 -0.009   NaN 
 64  0.033   NaN 
 65  0.020   NaN 
 66  0.032   NaN 
 67 -0.013   NaN 
 68 -0.015   NaN 
 69 -0.005   NaN 
 70  0.002   NaN 
 71  0.006   NaN 
 72  0.007   NaN 
 73  0.035   NaN 
 74  0.074   NaN 
 75  0.012   NaN 
 76 -0.002   NaN 
 77 -0.004   NaN 
 78 -0.016   NaN 
 79  0.262   NaN 
 80 -0.008   NaN 
 81 -0.018   NaN 
 82 -0.011   NaN 
 83 -0.019   NaN 
 84 -0.004   NaN 
 85  0.001   NaN 
 86  0.001   NaN 
 87  0.001   NaN 
 88 -0.013   NaN 
 89 -0.040   NaN 
 90  0.017   NaN 
 91  0.030   NaN 
 92  0.009   NaN 
 93 -0.008   NaN 
 94  0.052   NaN 
 95  0.203   NaN 
 96  0.148   NaN 
 97  0.139  0.000
 98 -0.030 -0.030
 99 -0.007 -0.037
100  0.036 -0.001
101 -0.019 -0.020
102 -0.012 -0.032
103 -0.000 -0.032
104 -0.005 -0.037
105 -0.009 -0.046
106 -0.042 -0.088
107 -0.008 -0.096
108 -0.020 -0.116
109  0.032 -0.084
110 -0.009 -0.093
111 -0.012 -0.105
112 -0.023 -0.128
113 -0.062 -0.190
114 -0.071 -0.261
115 -0.068 -0.329
116 -0.047 -0.376
117 -0.018 -0.394
118  0.005 -0.389
119 -0.015 -0.404
120 -0.041 -0.445
121 -0.058 -0.503
122 -0.068 -0.571
123 -0.109 -0.680
124 -0.055 -0.735
125 -0.015 -0.750
126  0.028 -0.722
127  0.021 -0.701
128  0.006 -0.695
129 -0.031 -0.726
130 -0.029 -0.755
131  0.004 -0.751
132  0.015 -0.736
133  0.054 -0.682
134  0.012 -0.670
135 -0.008 -0.678
136  0.035 -0.643
137  0.016 -0.627
138  0.035 -0.592
139 -0.040 -0.632
140 -0.069 -0.701
141 -0.023 -0.724
142  0.013 -0.711
143  0.049 -0.662
144  0.055 -0.607
145  0.022 -0.585
146  0.035 -0.550
147  0.116 -0.434
148  0.068 -0.366
149  0.072 -0.294
150  0.009 -0.285
151 -0.020 -0.305
152 -0.028 -0.333
153 -0.041 -0.374
154 -0.087 -0.461
155 -0.072 -0.533
156 -0.059 -0.592
157 -0.077 -0.669
158 -0.025 -0.694
159 -0.047 -0.741
160 -0.132 -0.873
161 -0.081 -0.954
162 -0.001 -0.955
163  0.006 -0.949
164  0.017 -0.932
165 -0.010 -0.942
166 -0.027 -0.969
167  0.009 -0.960
168  0.019 -0.941
169  0.067 -0.874
170  0.038 -0.836
171  0.018 -0.818
172 -0.004 -0.822
173 -0.017 -0.839
174  0.013 -0.826
175  0.060 -0.766
176  0.102 -0.664
177  0.083 -0.581
178  0.025 -0.556
179  0.004 -0.552
180 -0.011 -0.563
181 -0.020 -0.583
182 -0.021 -0.604
183 -0.067 -0.671
184 -0.094 -0.765
185 -0.063 -0.828
186 -0.045 -0.873
187 -0.026 -0.899
188 -0.033 -0.932
189 -0.035 -0.967
190 -0.066 -1.033
191 -0.114 -1.147
192 -0.075 -1.222
193 -0.049 -1.271
194 -0.053 -1.324
195 -0.138 -1.462
196 -0.112 -1.574
197 -0.021 -1.595
198  0.041 -1.554
199 -0.021 -1.575
200 -0.070 -1.645
201 -0.099 -1.744
202 -0.075 -1.819
203 -0.079 -1.898
204 -0.091 -1.989
205 -0.094 -2.083
206 -0.102 -2.185
207 -0.128 -2.313
208 -0.126 -2.439
209 -0.028 -2.467
210 -0.011 -2.478
211 -0.005 -2.483
212 -0.005 -2.488
213  0.008 -2.480
214  0.012 -2.468
215 -0.020 -2.488
216 -0.054 -2.542
217 -0.050 -2.592
218 -0.058 -2.650
219 -0.030 -2.680
220 -0.001 -2.681
221 -0.028 -2.709
222 -0.004 -2.713
223  0.002 -2.711
224  0.000 -2.711
225 -0.009 -2.720
226  0.003 -2.717
227  0.020 -2.697
228 -0.004 -2.701
229  0.002 -2.699
230 -0.006 -2.705
231 -0.025 -2.730
232 -0.082 -2.812
233 -0.080 -2.892
234 -0.014 -2.906
235  0.022   NaN 
236  0.005   NaN 
237 -0.002   NaN 
238  0.027   NaN 
239  0.050   NaN 
240  0.008   NaN 
241  0.043   NaN 
242  0.060   NaN 
243 -0.022   NaN 
244  0.008   NaN 
245  0.027   NaN 
246  0.012   NaN 
247  0.005   NaN 
248 -0.002   NaN 
249  0.011   NaN 
250 -0.010   NaN 
251 -0.048   NaN 
252 -0.088   NaN 
253 -0.079   NaN 
254  0.012   NaN 
255  0.014   NaN 
256 -0.002   NaN 
257 -0.013   NaN 
258  0.018   NaN 
259  0.036   NaN 
260 -0.004   NaN 
261  0.002   NaN 
262 -0.004   NaN 
263  0.010   NaN 
264  0.004   NaN 
265  0.154   NaN 
266  0.140   NaN 
267  0.017   NaN 
268  0.011   NaN 
269 -0.003   NaN 
270  0.034   NaN 
271  0.335   NaN 
272  0.270   NaN 
273  0.139   NaN 
274  0.026   NaN 
275  0.001   NaN 
276  0.005   NaN 
277 -0.011   NaN 
278 -0.019   NaN 
279  0.005   NaN 
280  0.034   NaN 
281 -0.016   NaN 
282 -0.029   NaN 
283 -0.026   NaN 
284 -0.006   NaN 
285 -0.001   NaN 
286 -0.010   NaN 
287 -0.022   NaN 
288 -0.019   NaN 
289 -0.018   NaN 
290 -0.022   NaN 
291 -0.021   NaN 
292 -0.022   NaN 
293 -0.032   NaN 
294 -0.026   NaN 
295 -0.000   NaN 
296 -0.002   NaN 
297 -0.010   NaN 
298 -0.010   NaN 
299 -0.010   NaN 
300 -0.028   NaN 
301 -0.020   NaN 
302 -0.007   NaN 
303 -0.002   NaN 
304  0.010   NaN 
305 -0.003   NaN 
306  0.037   NaN 
307 -0.009   NaN 
308  0.024   NaN 
309  0.093   NaN 
310  0.033   NaN 
311  0.065   NaN 
312  0.020   NaN 
313  0.001   NaN 
314  0.003   NaN 
315  0.002   NaN 
316  0.028   NaN 
317  0.010   NaN 
318  0.001   NaN 
319  0.007   NaN 
320  0.017   NaN 
321  0.049   NaN 
322  0.109   NaN 
323  0.221   NaN 
324 -0.048   NaN 
325 -0.009   NaN 
326 -0.001   NaN 
327 -0.001   NaN 
328  0.002   NaN 
329  0.002   NaN 
330  0.002   NaN 
331  0.001   NaN 
332 -0.005   NaN 
333 -0.006   NaN 
334 -0.012   NaN 
335  0.092   NaN 
336  0.052   NaN 
337 -0.016   NaN 
338 -0.001   NaN 
339 -0.001   NaN 
340  0.002   NaN 
341 -0.003   NaN 
342  0.001   NaN 
343 -0.003   NaN 
344  0.000   NaN 
345 -0.001   NaN 
346  0.011   NaN 
347  0.077   NaN 
348 -0.001   NaN 
349  0.003   NaN 
350 -0.002   NaN 
351 -0.007   NaN 
352 -0.013   NaN 
353 -0.028   NaN 
354  0.026   NaN 
355  0.031   NaN 
356  0.023   NaN 
357  0.023   NaN 
358  0.009   NaN 
359 -0.005   NaN 
360 -0.006   NaN 
361 -0.002   NaN 
362 -0.014   NaN 
363 -0.007   NaN 
