# Spring transition day: 130 (95% confidence interval: 124 - 161 )
#
# column 1:  yearday 2014 (UTC)
# column 2:  northward windstress (Newtons/m2)
# column 3:  cumulative-from-spring-transition northward windstress
#                [ending at fall transition]      (Newtons/m2*days)
  1 -0.002   NaN 
  2 -0.000   NaN 
  3 -0.004   NaN 
  4 -0.013   NaN 
  5  0.001   NaN 
  6  0.006   NaN 
  7  0.015   NaN 
  8  0.105   NaN 
  9  0.105   NaN 
 10  0.084   NaN 
 11  0.310   NaN 
 12  0.068   NaN 
 13  0.018   NaN 
 14  0.001   NaN 
 15 -0.009   NaN 
 16  0.002   NaN 
 17 -0.002   NaN 
 18 -0.004   NaN 
 19 -0.010   NaN 
 20 -0.005   NaN 
 21  0.004   NaN 
 22 -0.001   NaN 
 23 -0.013   NaN 
 24  0.000   NaN 
 25  0.003   NaN 
 26 -0.003   NaN 
 27  0.003   NaN 
 28 -0.002   NaN 
 29  0.112   NaN 
 30  0.017   NaN 
 31  0.012   NaN 
 32  0.009   NaN 
 33 -0.005   NaN 
 34 -0.004   NaN 
 35 -0.000   NaN 
 36  0.001   NaN 
 37  0.001   NaN 
 39  0.001   NaN 
 40  0.047   NaN 
 41  0.019   NaN 
 42  0.113   NaN 
 43  0.349   NaN 
 44  0.036   NaN 
 45  0.076   NaN 
 46  0.129   NaN 
 47  0.223   NaN 
 48  0.393   NaN 
 49  0.145   NaN 
 50  0.062   NaN 
 51  0.047   NaN 
 52 -0.011   NaN 
 53 -0.015   NaN 
 54  0.004   NaN 
 55  0.013   NaN 
 56  0.000   NaN 
 57  0.005   NaN 
 58 -0.003   NaN 
 59  0.001   NaN 
 60  0.021   NaN 
 61  0.104   NaN 
 62  0.221   NaN 
 63  0.035   NaN 
 64  0.099   NaN 
 65  0.418   NaN 
 66  0.048   NaN 
 67  0.029   NaN 
 68  0.143   NaN 
 69 -0.017   NaN 
 70 -0.003   NaN 
 71 -0.020   NaN 
 72 -0.015   NaN 
 73  0.024   NaN 
 74  0.011   NaN 
 75  0.075   NaN 
 76 -0.058   NaN 
 77 -0.025   NaN 
 78 -0.015   NaN 
 79 -0.013   NaN 
 80 -0.045   NaN 
 81 -0.058   NaN 
 82 -0.028   NaN 
 83 -0.002   NaN 
 84  0.097   NaN 
 85  0.085   NaN 
 86  0.071   NaN 
 87  0.126   NaN 
 88  0.190   NaN 
 89  0.050   NaN 
 90  0.018   NaN 
 91  0.007   NaN 
 92 -0.008   NaN 
 93  0.043   NaN 
 94  0.056   NaN 
 95  0.062   NaN 
 96  0.068   NaN 
 97 -0.003   NaN 
 98  0.004   NaN 
 99 -0.046   NaN 
100 -0.096   NaN 
101 -0.108   NaN 
102 -0.125   NaN 
103 -0.035   NaN 
104 -0.015   NaN 
105 -0.038   NaN 
106  0.006   NaN 
107  0.034   NaN 
108  0.008   NaN 
109  0.052   NaN 
110  0.024   NaN 
111  0.001   NaN 
112  0.009   NaN 
113  0.171   NaN 
114  0.235   NaN 
115 -0.004   NaN 
116  0.042   NaN 
117  0.117   NaN 
118 -0.002   NaN 
119 -0.003   NaN 
120 -0.013   NaN 
121  0.007   NaN 
122  0.032   NaN 
123  0.095   NaN 
124  0.186   NaN 
125  0.037   NaN 
126 -0.004   NaN 
127 -0.007   NaN 
128  0.042   NaN 
129  0.059   NaN 
130  0.017  0.000
131 -0.014 -0.014
132 -0.039 -0.053
133 -0.030 -0.083
134 -0.027 -0.110
135  0.009 -0.101
136  0.047 -0.054
137 -0.004 -0.058
138  0.018 -0.040
139  0.021 -0.019
140 -0.072 -0.091
141 -0.080 -0.171
142 -0.047 -0.218
143 -0.015 -0.233
144 -0.008 -0.241
145 -0.006 -0.247
146  0.049 -0.198
147 -0.008 -0.206
148  0.005 -0.201
149 -0.013 -0.214
150 -0.064 -0.278
151 -0.026 -0.304
152 -0.011 -0.315
153 -0.050 -0.365
154 -0.010 -0.375
155 -0.037 -0.412
156 -0.128 -0.540
157 -0.108 -0.648
158 -0.163 -0.811
159 -0.093 -0.904
160 -0.096 -1.000
161 -0.097 -1.097
162 -0.046 -1.143
163  0.028 -1.115
164  0.049 -1.066
165 -0.010 -1.076
166 -0.013 -1.089
167 -0.007 -1.096
168  0.004 -1.092
169 -0.010 -1.102
170 -0.006 -1.108
171 -0.003 -1.111
172 -0.036 -1.147
173 -0.034 -1.181
174 -0.012 -1.193
175  0.004 -1.189
176 -0.007 -1.196
177 -0.008 -1.204
178  0.123 -1.081
179  0.069 -1.012
180  0.007 -1.005
181 -0.052 -1.057
182 -0.043 -1.100
183  0.007 -1.093
184 -0.017 -1.110
185 -0.039 -1.149
186 -0.010 -1.159
187 -0.004 -1.163
188 -0.038 -1.201
189 -0.134 -1.335
190 -0.158 -1.493
191 -0.054 -1.547
192 -0.034 -1.581
193  0.009 -1.572
194 -0.001 -1.573
195 -0.012 -1.585
196 -0.095 -1.680
197 -0.104 -1.784
198 -0.015 -1.799
199 -0.042 -1.841
200 -0.052 -1.893
201 -0.014 -1.907
202 -0.018 -1.925
203 -0.002 -1.927
204  0.046 -1.881
205  0.074 -1.807
206 -0.026 -1.833
207 -0.035 -1.868
208 -0.056 -1.924
209 -0.065 -1.989
210 -0.073 -2.062
211 -0.069 -2.131
212 -0.086 -2.217
213 -0.088 -2.305
214 -0.009 -2.314
215 -0.019 -2.333
216 -0.056 -2.389
217 -0.035 -2.424
218 -0.021 -2.445
219 -0.060 -2.505
220 -0.050 -2.555
221 -0.085 -2.640
222 -0.106 -2.746
223 -0.035 -2.781
224  0.021 -2.760
225  0.018 -2.742
226  0.007 -2.735
227  0.007 -2.728
228 -0.011 -2.739
229 -0.072 -2.811
230 -0.077 -2.888
231 -0.029 -2.917
232 -0.003 -2.920
233 -0.005 -2.925
234 -0.013 -2.938
235 -0.047 -2.985
236 -0.082 -3.067
237 -0.034 -3.101
238 -0.078 -3.179
239 -0.057 -3.236
240 -0.027 -3.263
241 -0.003 -3.266
242  0.015 -3.251
243  0.007 -3.244
244 -0.007 -3.251
245 -0.029 -3.280
246 -0.005 -3.285
247 -0.028 -3.313
248 -0.038 -3.351
249  0.018 -3.333
250  0.011 -3.322
251 -0.021 -3.343
252 -0.017 -3.360
253 -0.024 -3.384
254 -0.029 -3.413
255 -0.014 -3.427
256 -0.012 -3.439
257  0.001 -3.438
258  0.010 -3.428
259  0.021 -3.407
260  0.001 -3.406
261  0.001 -3.405
262 -0.010 -3.415
263 -0.036 -3.451
264  0.049   NaN 
265  0.035   NaN 
266  0.020   NaN 
267  0.080   NaN 
268  0.037   NaN 
269  0.074   NaN 
270 -0.006   NaN 
271 -0.031   NaN 
272  0.013   NaN 
273  0.007   NaN 
274 -0.009   NaN 
275 -0.025   NaN 
276 -0.023   NaN 
277 -0.027   NaN 
278 -0.034   NaN 
279 -0.040   NaN 
280 -0.021   NaN 
281  0.010   NaN 
282  0.000   NaN 
283  0.000   NaN 
284  0.019   NaN 
285  0.001   NaN 
286  0.016   NaN 
287  0.030   NaN 
288  0.084   NaN 
289  0.055   NaN 
290  0.012   NaN 
291  0.079   NaN 
292  0.071   NaN 
293  0.081   NaN 
294  0.120   NaN 
295  0.169   NaN 
296  0.076   NaN 
297  0.011   NaN 
298  0.084   NaN 
299  0.088   NaN 
300 -0.000   NaN 
301  0.106   NaN 
302  0.080   NaN 
303  0.008   NaN 
304  0.009   NaN 
305  0.000   NaN 
306  0.033   NaN 
307  0.075   NaN 
308  0.130   NaN 
309  0.002   NaN 
310  0.082   NaN 
311  0.014   NaN 
312 -0.012   NaN 
313  0.002   NaN 
314 -0.018   NaN 
315 -0.004   NaN 
316 -0.003   NaN 
317 -0.004   NaN 
318 -0.004   NaN 
319 -0.001   NaN 
320 -0.001   NaN 
321  0.003   NaN 
322 -0.003   NaN 
323 -0.002   NaN 
324  0.015   NaN 
325  0.101   NaN 
326  0.139   NaN 
327  0.023   NaN 
328  0.041   NaN 
329  0.099   NaN 
330  0.041   NaN 
331  0.187   NaN 
332  0.170   NaN 
333 -0.009   NaN 
334 -0.007   NaN 
335 -0.003   NaN 
336 -0.000   NaN 
337  0.003   NaN 
338  0.007   NaN 
339  0.002   NaN 
340  0.081   NaN 
341  0.020   NaN 
342  0.021   NaN 
343  0.158   NaN 
344  0.103   NaN 
345  0.117   NaN 
346  0.099   NaN 
347 -0.007   NaN 
348  0.002   NaN 
349 -0.001   NaN 
