# Spring transition day: 101 (95% confidence interval: 89 - 106 )
#
# column 1:  yearday 2015 (UTC)
# column 2:  northward windstress (Newtons/m2)
# column 3:  cumulative-from-spring-transition northward windstress
#                [ending at fall transition]      (Newtons/m2*days)
  1 -0.005   NaN 
  2 -0.002   NaN 
  3  0.001   NaN 
  4  0.055   NaN 
  5  0.200   NaN 
  6 -0.004   NaN 
  7 -0.001   NaN 
  8 -0.001   NaN 
  9 -0.001   NaN 
 10  0.001   NaN 
 11 -0.001   NaN 
 12 -0.001   NaN 
 13  0.006   NaN 
 14 -0.004   NaN 
 15  0.010   NaN 
 16  0.052   NaN 
 17  0.081   NaN 
 18  0.248   NaN 
 19  0.006   NaN 
 20 -0.002   NaN 
 21 -0.002   NaN 
 22  0.001   NaN 
 23  0.004   NaN 
 24  0.000   NaN 
 25 -0.003   NaN 
 26  0.007   NaN 
 27  0.009   NaN 
 28  0.005   NaN 
 29 -0.005   NaN 
 30 -0.014   NaN 
 31 -0.011   NaN 
 32  0.006   NaN 
 33  0.042   NaN 
 34  0.004   NaN 
 35 -0.002   NaN 
 36  0.086   NaN 
 37  0.076   NaN 
 38  0.162   NaN 
 39  0.055   NaN 
 40  0.101   NaN 
 41  0.081   NaN 
 42 -0.003   NaN 
 43  0.005   NaN 
 44  0.002   NaN 
 45 -0.020   NaN 
 46 -0.032   NaN 
 47 -0.003   NaN 
 48  0.003   NaN 
 49  0.042   NaN 
 50 -0.006   NaN 
 51 -0.025   NaN 
 52 -0.029   NaN 
 53 -0.019   NaN 
 54 -0.006   NaN 
 55 -0.019   NaN 
 56 -0.026   NaN 
 57  0.041   NaN 
 58  0.016   NaN 
 59 -0.008   NaN 
 60 -0.013   NaN 
 61 -0.025   NaN 
 62 -0.024   NaN 
 63 -0.020   NaN 
 64 -0.019   NaN 
 65 -0.002   NaN 
 66 -0.012   NaN 
 67 -0.026   NaN 
 68 -0.020   NaN 
 69  0.004   NaN 
 70  0.095   NaN 
 71  0.072   NaN 
 72 -0.009   NaN 
 73  0.158   NaN 
 74  0.158   NaN 
 75  0.086   NaN 
 76  0.003   NaN 
 77  0.018   NaN 
 78 -0.003   NaN 
 79  0.037   NaN 
 80  0.119   NaN 
 81  0.013   NaN 
 82  0.049   NaN 
 83  0.029   NaN 
 84  0.078   NaN 
 85  0.011   NaN 
 86  0.004   NaN 
 87  0.028   NaN 
 88 -0.001   NaN 
 89  0.010   NaN 
 90  0.027   NaN 
 91  0.001   NaN 
 92 -0.005   NaN 
 93  0.002   NaN 
 94  0.003   NaN 
 95  0.007   NaN 
 96  0.012   NaN 
 97 -0.000   NaN 
 98  0.021   NaN 
 99  0.004   NaN 
100  0.019   NaN 
101  0.054  0.000
102 -0.014 -0.014
103 -0.004 -0.018
104  0.005 -0.013
105 -0.018 -0.031
106 -0.052 -0.083
107 -0.084 -0.167
108 -0.112 -0.279
109 -0.073 -0.352
110 -0.047 -0.399
111 -0.068 -0.467
112 -0.058 -0.525
113 -0.008 -0.533
114  0.047 -0.486
115  0.016 -0.470
116  0.003 -0.467
117  0.006 -0.461
118 -0.004 -0.465
119 -0.010 -0.475
120 -0.027 -0.502
121 -0.073 -0.575
122 -0.134 -0.709
123 -0.069 -0.778
124 -0.014 -0.792
125  0.012 -0.780
126 -0.015 -0.795
127 -0.082 -0.877
128 -0.065 -0.942
129 -0.025 -0.967
130 -0.008 -0.975
131 -0.018 -0.993
132 -0.011 -1.004
133  0.014 -0.990
134 -0.015 -1.005
135 -0.034 -1.039
136 -0.003 -1.042
137 -0.017 -1.059
138 -0.029 -1.088
139 -0.003 -1.091
140 -0.032 -1.123
141 -0.033 -1.156
142  0.001 -1.155
143 -0.003 -1.158
144 -0.028 -1.186
145 -0.032 -1.218
146 -0.019 -1.237
147 -0.021 -1.258
148 -0.029 -1.287
149 -0.013 -1.300
150 -0.023 -1.323
151 -0.031 -1.354
152  0.005 -1.349
153  0.045 -1.304
154  0.009 -1.295
155 -0.041 -1.336
156 -0.097 -1.433
157 -0.116 -1.549
158 -0.077 -1.626
159 -0.097 -1.723
160 -0.137 -1.860
161 -0.082 -1.942
162 -0.068 -2.010
163 -0.129 -2.139
164 -0.149 -2.288
165 -0.076 -2.364
166 -0.040 -2.404
167 -0.030 -2.434
168 -0.049 -2.483
169 -0.029 -2.512
170 -0.007 -2.519
171 -0.073 -2.592
172 -0.052 -2.644
173  0.009 -2.635
174 -0.008 -2.643
175 -0.010 -2.653
176 -0.014 -2.667
177 -0.116 -2.783
178 -0.073 -2.856
179  0.024 -2.832
180  0.010 -2.822
181 -0.033 -2.855
182 -0.103 -2.958
183 -0.025 -2.983
184 -0.071 -3.054
185 -0.009 -3.063
186  0.008 -3.055
187  0.017 -3.038
188  0.006 -3.032
189 -0.009 -3.041
190 -0.006 -3.047
191  0.014 -3.033
192  0.033 -3.000
193  0.021 -2.979
194 -0.003 -2.982
195 -0.053 -3.035
196 -0.049 -3.084
197 -0.037 -3.121
198 -0.052 -3.173
199 -0.046 -3.219
200  0.021 -3.198
201  0.008 -3.190
202 -0.037 -3.227
203 -0.033 -3.260
204 -0.016 -3.276
205 -0.003 -3.279
206  0.009 -3.270
207 -0.001 -3.271
208 -0.016 -3.287
209 -0.060 -3.347
210 -0.083 -3.430
211 -0.072 -3.502
212 -0.070 -3.572
213 -0.107 -3.679
214 -0.019 -3.698
215 -0.010 -3.708
216 -0.043 -3.751
217 -0.042 -3.793
218 -0.020 -3.813
219 -0.041 -3.854
220  0.004 -3.850
221  0.017 -3.833
222  0.005 -3.828
223 -0.001 -3.829
224  0.010 -3.819
225  0.006 -3.813
226  0.021 -3.792
227  0.001 -3.791
228 -0.057 -3.848
229 -0.098 -3.946
230 -0.060 -4.006
231 -0.017 -4.023
232 -0.016 -4.039
233 -0.024 -4.063
234 -0.043 -4.106
235 -0.032 -4.138
236 -0.010 -4.148
237 -0.015 -4.163
238 -0.012 -4.175
239  0.004 -4.171
240 -0.024 -4.195
241  0.220 -3.975
242  0.170 -3.805
243  0.017 -3.788
244  0.014 -3.774
245  0.021 -3.753
246  0.005 -3.748
247 -0.005 -3.753
248 -0.008 -3.761
249  0.007 -3.754
250 -0.009 -3.763
251 -0.051 -3.814
252 -0.079 -3.893
253 -0.060 -3.953
254 -0.043 -3.996
255 -0.019 -4.015
256 -0.057 -4.072
257 -0.046 -4.118
258  0.003 -4.115
259  0.008 -4.107
260  0.032 -4.075
261  0.009 -4.066
262 -0.005 -4.071
263 -0.002 -4.073
264 -0.054 -4.127
265 -0.057 -4.184
266 -0.003 -4.187
267  0.006 -4.181
268 -0.005 -4.186
269 -0.059 -4.245
270 -0.076 -4.321
271 -0.045 -4.366
272  0.007 -4.359
273  0.013 -4.346
274 -0.005 -4.351
275 -0.010 -4.361
276 -0.014 -4.375
277 -0.029 -4.404
278 -0.013 -4.417
279  0.045   NaN 
280  0.027   NaN 
281  0.007   NaN 
282  0.037   NaN 
283  0.144   NaN 
284  0.062   NaN 
285 -0.003   NaN 
286 -0.020   NaN 
287 -0.040   NaN 
288 -0.002   NaN 
289  0.007   NaN 
290  0.008   NaN 
291  0.006   NaN 
292  0.016   NaN 
293  0.001   NaN 
294 -0.005   NaN 
295 -0.030   NaN 
296 -0.026   NaN 
297  0.009   NaN 
298  0.040   NaN 
299  0.054   NaN 
300 -0.001   NaN 
301  0.021   NaN 
302  0.041   NaN 
303  0.092   NaN 
304  0.218   NaN 
305  0.104   NaN 
306  0.023   NaN 
307 -0.006   NaN 
308 -0.005   NaN 
309  0.012   NaN 
310  0.008   NaN 
311  0.027   NaN 
312  0.044   NaN 
313  0.007   NaN 
314  0.001   NaN 
315  0.047   NaN 
316  0.008   NaN 
317  0.172   NaN 
318  0.221   NaN 
319 -0.058   NaN 
320  0.001   NaN 
321  0.224   NaN 
322  0.051   NaN 
323  0.075   NaN 
324 -0.012   NaN 
325 -0.002   NaN 
326  0.002   NaN 
327  0.003   NaN 
328 -0.049   NaN 
329  0.001   NaN 
330 -0.005   NaN 
331 -0.002   NaN 
332  0.000   NaN 
333 -0.001   NaN 
334 -0.001   NaN 
335 -0.000   NaN 
336  0.036   NaN 
337  0.036   NaN 
338  0.055   NaN 
339  0.018   NaN 
340  0.097   NaN 
341  0.447   NaN 
342  0.319   NaN 
343  0.311   NaN 
344  0.150   NaN 
345  0.085   NaN 
346  0.080   NaN 
347  0.070   NaN 
348 -0.097   NaN 
349  0.006   NaN 
350  0.028   NaN 
351  0.183   NaN 
352  0.235   NaN 
353 -0.011   NaN 
354  0.047   NaN 
355  0.089   NaN 
356  0.013   NaN 
357 -0.001   NaN 
358  0.007   NaN 
359 -0.002   NaN 
360  0.002   NaN 
361  0.002   NaN 
362 -0.011   NaN 
363 -0.014   NaN 
